Error 0.685655737704918
Error 0.2350011912135567
Error 0.23960600905856463
Error 0.24218937890921094
Error 0.2452537909246208
Error 0.2489395207355487
Output after training
l1:
 [[0.65169964]
 [0.36186977]
 [0.3834115 ]
 [0.51045086]
 [0.59187648]
 [0.53965477]
 [1.09519001]
 [0.7071606 ]
 [0.4440773 ]
 [0.76595513]]
y_normalized :
 [[0.68032787]
 [0.9057377 ]
 [1.        ]
 [0.25      ]
 [0.77868852]
 [0.53688525]
 [0.67213115]
 [0.8852459 ]
 [0.54918033]
 [0.59836066]]
syn0:
 [[0.84034243]
 [0.37276946]]
l1_error:
 [[ 0.02862823]
 [ 0.54386793]
 [ 0.6165885 ]
 [-0.26045086]
 [ 0.18681205]
 [-0.00276953]
 [-0.42305886]
 [ 0.1780853 ]
 [ 0.10510302]
 [-0.16759448]]
