Error 0.5371010650453393
Error 0.23871499181117048
Error 0.24126742943015725
Error 0.24304193308264566
Error 0.24588266086144905
Error 0.24905775766779445
Output after training:

l2: 

 [[0.65257808]
 [0.36216609]
 [0.38375912]
 [0.51088844]
 [0.59264699]
 [0.54030223]
 [1.09640083]
 [0.70801141]
 [0.44461363]
 [0.76669753]]
y :

  [[0.68032787]
 [0.9057377 ]
 [1.        ]
 [0.25      ]
 [0.77868852]
 [0.53688525]
 [0.67213115]
 [0.8852459 ]
 [0.54918033]
 [0.59836066]]
l2 error :
 [[ 0.02774979]
 [ 0.54357162]
 [ 0.61624088]
 [-0.26088844]
 [ 0.18604153]
 [-0.00341698]
 [-0.42426969]
 [ 0.17723449]
 [ 0.1045667 ]
 [-0.16833688]]
