Error 0.36233925757630026
Error 0.17832170483086304
Error 0.17062182464112668
Error 0.16894157511288568
Error 0.16832317123607668
Error 0.16790539489155165
Output after training:

l2: 
 [[0.66585495]
 [0.72057132]
 [0.71577973]
 [0.70543204]
 [0.67585181]
 [0.68715171]
 [0.63318094]
 [0.66707185]
 [0.69852111]
 [0.67486642]]
y :
  [[0.68032787]
 [0.9057377 ]
 [1.        ]
 [0.25      ]
 [0.77868852]
 [0.53688525]
 [0.67213115]
 [0.8852459 ]
 [0.54918033]
 [0.59836066]]
l2 error :
 [[ 0.01447292]
 [ 0.18516639]
 [ 0.28422027]
 [-0.45543204]
 [ 0.10283671]
 [-0.15026647]
 [ 0.03895021]
 [ 0.21817405]
 [-0.14934079]
 [-0.07650577]]
