For Sigmoid Function:
The hidden layer is: 6
Error 0.5010219150761827
Error 0.3614547410573481
Error 0.35527006289975144
Error 0.35309247914766556
Error 0.3517661835388564
Error 0.3508070219222475
Output after training:

l2: 

 [[0.48026498 0.51974273]
 [0.06887904 0.93113883]
 [0.48760024 0.51235364]
 ...
 [0.3083135  0.69175298]
 [0.41430378 0.5854366 ]
 [0.04765003 0.95236242]]
y :

 [(1, 0), (0, 1), (1, 0), (0, 1), (1, 0), (0, 1), (1, 0), (0, 1), (1, 0), (1, 0), (0, 1), (1, 0), (0, 1), (1, 0), (1, 0), (1, 0), (1, 0), (1, 0), (0, 1), (1, 0), (0, 1), (0, 1), (1, 0), (1, 0), (1, 0), (1, 0), (1, 0), (0, 1), (0, 1), (0, 1), (0, 1), (1, 0), (0, 1), (0, 1), (0, 1), (0, 1), (0, 1), (1, 0), (1, 0), (1, 0), (0, 1), (0, 1), (0, 1), (1, 0), (0, 1), (1, 0), (0, 1), (0, 1), (1, 0), (0, 1), (0, 1), (0, 1), (0, 1), (1, 0), (0, 1), (0, 1), (1, 0), (0, 1), (0, 1), (0, 1), (0, 1), (1, 0), (0, 1), (0, 1), (1, 0), (0, 1), (1, 0), (0, 1), (0, 1), (0, 1), (1, 0), (0, 1), (1, 0), (0, 1), (0, 1), (0, 1), (0, 1), (0, 1), (1, 0), (0, 1), (0, 1), (0, 1), (0, 1), (0, 1), (1, 0), (0, 1), (0, 1), (0, 1), (1, 0), (0, 1), (0, 1), (0, 1), (0, 1), (1, 0), (0, 1), (0, 1), (0, 1), (0, 1), (0, 1), (1, 0), (1, 0), (0, 1), (0, 1), (0, 1), (0, 1), (0, 1), (0, 1), (0, 1), (0, 1), (1, 0), (1, 0), (1, 0), (0, 1), (0, 1), (1, 0), (1, 0), (1, 0), (0, 1), (0, 1), (0, 1), (1, 0), (0, 1), (0, 1), (0, 1), (1, 0), (1, 0), (0, 1), (0, 1), (1, 0), (1, 0), (1, 0), (1, 0), (1, 0), (0, 1), (0, 1), (0, 1), (0, 1), (0, 1), (0, 1), (0, 1), (0, 1), (0, 1), (0, 1), (1, 0), (0, 1), (0, 1), (0, 1), (0, 1), (0, 1), (0, 1), (0, 1), (0, 1), (1, 0), (0, 1), (1, 0), (1, 0), (0, 1), (0, 1), (0, 1), (1, 0), (0, 1), (0, 1), (0, 1), (0, 1), (1, 0), (1, 0), (0, 1), (0, 1), (0, 1), (0, 1), (1, 0), (1, 0), (0, 1), (0, 1), (0, 1), (1, 0), (0, 1), (1, 0), (0, 1), (1, 0), (0, 1), (0, 1), (0, 1), (0, 1), (0, 1), (1, 0), (1, 0), (1, 0), (1, 0), (1, 0), (0, 1), (0, 1), (1, 0), (1, 0), (0, 1), (1, 0), (0, 1), (1, 0), (1, 0), (1, 0), (0, 1), (0, 1), (0, 1), (0, 1), (0, 1), (0, 1), (1, 0), (1, 0), (0, 1), (1, 0), (0, 1), (0, 1), (0, 1), (1, 0), (1, 0), (1, 0), (1, 0), (0, 1), (1, 0), (1, 0), (1, 0), (1, 0), (0, 1), (0, 1), (0, 1), (0, 1), (0, 1), (1, 0), (0, 1), (0, 1), (1, 0), (1, 0), (0, 1), (0, 1), (0, 1), (1, 0), (1, 0), (1, 0), (1, 0), (0, 1), (0, 1), (0, 1), (1, 0), (1, 0), (0, 1), (1, 0), (0, 1), (0, 1), (0, 1), (0, 1), (0, 1), (0, 1), (0, 1), (0, 1), (1, 0), (1, 0), (0, 1), (0, 1), (0, 1), (1, 0), (0, 1), (1, 0), (0, 1), (0, 1), (1, 0), (0, 1), (1, 0), (0, 1), (0, 1), (1, 0), (1, 0), (0, 1), (0, 1), (0, 1), (0, 1), (0, 1), (1, 0), (0, 1), (0, 1), (0, 1), (1, 0), (0, 1), (0, 1), (1, 0), (1, 0), (0, 1), (0, 1), (1, 0), (0, 1), (0, 1), (0, 1), (1, 0), (1, 0), (1, 0), (0, 1), (0, 1), (1, 0), (0, 1), (1, 0), (0, 1), (1, 0), (1, 0), (0, 1), (1, 0), (0, 1), (0, 1), (1, 0), (0, 1), (1, 0), (1, 0), (0, 1), (0, 1), (1, 0), (0, 1), (1, 0), (0, 1), (0, 1), (1, 0), (0, 1), (1, 0), (0, 1), (1, 0), (1, 0), (1, 0), (0, 1), (0, 1), (1, 0), (0, 1), (1, 0), (0, 1), (0, 1), (0, 1), (1, 0), (0, 1), (0, 1), (0, 1), (0, 1), (1, 0), (1, 0), (1, 0), (0, 1), (0, 1), (0, 1), (0, 1), (0, 1), (0, 1), (0, 1), (0, 1), (0, 1), (1, 0), (0, 1), (0, 1), (0, 1), (0, 1), (0, 1), (1, 0), (1, 0), (1, 0), (0, 1), (1, 0), (1, 0), (0, 1), (0, 1), (1, 0), (0, 1), (0, 1), (1, 0), (0, 1), (0, 1), (1, 0), (1, 0), (0, 1), (0, 1), (0, 1), (0, 1), (1, 0), (0, 1), (0, 1), (1, 0), (0, 1), (0, 1), (0, 1), (0, 1), (0, 1), (0, 1), (0, 1), (1, 0), (1, 0), (1, 0), (0, 1), (0, 1), (1, 0), (0, 1), (0, 1), (1, 0), (0, 1), (0, 1), (1, 0), (0, 1), (1, 0), (1, 0), (0, 1), (1, 0), (0, 1), (1, 0), (0, 1), (1, 0), (0, 1), (1, 0), (1, 0), (0, 1), (0, 1), (0, 1), (0, 1), (1, 0), (1, 0), (0, 1), (1, 0), (0, 1), (1, 0), (0, 1), (0, 1), (0, 1), (0, 1), (1, 0), (1, 0), (0, 1), (1, 0), (0, 1), (1, 0), (0, 1), (0, 1), (0, 1), (0, 1), (0, 1), (1, 0), (0, 1), (0, 1), (0, 1), (0, 1), (1, 0), (0, 1), (0, 1), (1, 0), (1, 0), (1, 0), (0, 1), (0, 1), (1, 0), (0, 1), (0, 1), (1, 0), (0, 1), (0, 1), (0, 1), (1, 0), (0, 1), (0, 1), (1, 0), (0, 1), (0, 1), (0, 1), (0, 1), (0, 1), (0, 1), (0, 1), (0, 1), (0, 1), (1, 0), (0, 1), (0, 1), (0, 1), (0, 1), (0, 1), (0, 1), (0, 1), (1, 0), (0, 1), (0, 1), (0, 1), (1, 0), (0, 1), (0, 1), (0, 1), (1, 0), (1, 0), (0, 1), (0, 1), (0, 1), (0, 1), (0, 1), (0, 1), (0, 1), (1, 0), (0, 1), (0, 1), (0, 1), (0, 1), (1, 0), (0, 1), (0, 1), (0, 1), (1, 0), (0, 1), (0, 1), (0, 1), (1, 0), (0, 1), (0, 1), (0, 1), (1, 0), (0, 1), (0, 1), (0, 1), (0, 1), (1, 0), (1, 0), (0, 1), (0, 1), (0, 1), (0, 1), (0, 1), (0, 1), (1, 0), (0, 1), (0, 1), (0, 1), (0, 1), (0, 1), (0, 1), (0, 1), (0, 1), (0, 1), (0, 1), (0, 1), (1, 0), (0, 1), (0, 1), (0, 1), (1, 0), (1, 0), (1, 0), (1, 0), (0, 1), (0, 1), (1, 0), (1, 0), (0, 1), (0, 1), (0, 1), (0, 1), (0, 1), (0, 1), (0, 1), (0, 1), (0, 1), (0, 1), (0, 1), (0, 1), (0, 1), (1, 0), (1, 0), (0, 1), (0, 1), (0, 1), (0, 1), (0, 1), (0, 1), (0, 1), (1, 0), (0, 1), (0, 1), (0, 1), (0, 1), (0, 1), (0, 1), (0, 1), (1, 0), (0, 1), (1, 0), (1, 0), (0, 1), (0, 1), (0, 1), (1, 0), (0, 1), (1, 0), (0, 1), (1, 0), (0, 1), (1, 0), (0, 1), (1, 0), (0, 1), (0, 1), (1, 0), (0, 1), (0, 1), (1, 0), (0, 1), (0, 1), (0, 1), (0, 1), (1, 0), (1, 0), (0, 1), (1, 0), (0, 1), (0, 1), (0, 1), (0, 1), (1, 0), (1, 0), (0, 1), (1, 0), (0, 1), (0, 1), (0, 1), (1, 0), (1, 0), (0, 1), (0, 1), (0, 1), (0, 1), (0, 1), (0, 1), (0, 1), (0, 1), (0, 1), (0, 1), (1, 0), (0, 1), (0, 1), (0, 1), (0, 1), (1, 0), (0, 1), (0, 1), (1, 0), (0, 1), (0, 1), (0, 1), (1, 0), (0, 1), (0, 1), (0, 1), (1, 0), (1, 0), (1, 0), (0, 1), (0, 1), (0, 1), (0, 1), (0, 1), (0, 1), (1, 0), (0, 1), (0, 1), (0, 1), (1, 0), (0, 1), (1, 0), (1, 0), (1, 0), (1, 0), (0, 1), (1, 0), (1, 0), (0, 1), (0, 1), (0, 1), (0, 1), (0, 1), (0, 1), (0, 1), (1, 0), (1, 0), (0, 1), (1, 0), (0, 1), (0, 1), (1, 0), (0, 1), (1, 0), (0, 1), (0, 1), (0, 1), (0, 1), (0, 1), (1, 0), (0, 1), (1, 0), (0, 1), (1, 0), (0, 1), (1, 0), (1, 0), (0, 1), (0, 1), (0, 1), (0, 1), (1, 0), (1, 0), (0, 1), (0, 1), (0, 1), (1, 0), (0, 1), (1, 0), (1, 0), (0, 1), (0, 1), (1, 0), (0, 1), (0, 1), (1, 0), (1, 0), (0, 1), (0, 1), (1, 0), (0, 1), (0, 1), (1, 0), (0, 1), (0, 1), (0, 1), (0, 1), (0, 1), (0, 1), (0, 1), (1, 0), (1, 0), (1, 0), (0, 1), (0, 1), (0, 1), (0, 1), (0, 1), (0, 1), (1, 0), (1, 0), (0, 1), (0, 1), (1, 0), (0, 1), (0, 1), (1, 0), (0, 1), (1, 0), (1, 0), (1, 0), (0, 1), (0, 1), (1, 0), (1, 0), (1, 0), (0, 1), (1, 0), (0, 1), (1, 0), (0, 1), (1, 0), (0, 1), (0, 1), (0, 1), (0, 1), (1, 0), (0, 1)]
l2_error

 [[ 0.51973502 -0.51974273]
 [-0.06887904  0.06886117]
 [ 0.51239976 -0.51235364]
 ...
 [-0.3083135   0.30824702]
 [ 0.58569622 -0.5854366 ]
 [-0.04765003  0.04763758]] 




The hidden layer is: 7
Error 0.5005343208202754
Error 0.28291103167604725
Error 0.2762300602786849
Error 0.2719870407916851
Error 0.2689955968868529
Error 0.26745557223117183
Output after training:

l2: 

 [[0.79506965 0.20504226]
 [0.0229741  0.97706423]
 [0.81048718 0.18956094]
 ...
 [0.11232453 0.88765917]
 [0.58676891 0.41324883]
 [0.01721412 0.98280333]]
y :

 [(1, 0), (0, 1), (1, 0), (0, 1), (1, 0), (0, 1), (1, 0), (0, 1), (1, 0), (1, 0), (0, 1), (1, 0), (0, 1), (1, 0), (1, 0), (1, 0), (1, 0), (1, 0), (0, 1), (1, 0), (0, 1), (0, 1), (1, 0), (1, 0), (1, 0), (1, 0), (1, 0), (0, 1), (0, 1), (0, 1), (0, 1), (1, 0), (0, 1), (0, 1), (0, 1), (0, 1), (0, 1), (1, 0), (1, 0), (1, 0), (0, 1), (0, 1), (0, 1), (1, 0), (0, 1), (1, 0), (0, 1), (0, 1), (1, 0), (0, 1), (0, 1), (0, 1), (0, 1), (1, 0), (0, 1), (0, 1), (1, 0), (0, 1), (0, 1), (0, 1), (0, 1), (1, 0), (0, 1), (0, 1), (1, 0), (0, 1), (1, 0), (0, 1), (0, 1), (0, 1), (1, 0), (0, 1), (1, 0), (0, 1), (0, 1), (0, 1), (0, 1), (0, 1), (1, 0), (0, 1), (0, 1), (0, 1), (0, 1), (0, 1), (1, 0), (0, 1), (0, 1), (0, 1), (1, 0), (0, 1), (0, 1), (0, 1), (0, 1), (1, 0), (0, 1), (0, 1), (0, 1), (0, 1), (0, 1), (1, 0), (1, 0), (0, 1), (0, 1), (0, 1), (0, 1), (0, 1), (0, 1), (0, 1), (0, 1), (1, 0), (1, 0), (1, 0), (0, 1), (0, 1), (1, 0), (1, 0), (1, 0), (0, 1), (0, 1), (0, 1), (1, 0), (0, 1), (0, 1), (0, 1), (1, 0), (1, 0), (0, 1), (0, 1), (1, 0), (1, 0), (1, 0), (1, 0), (1, 0), (0, 1), (0, 1), (0, 1), (0, 1), (0, 1), (0, 1), (0, 1), (0, 1), (0, 1), (0, 1), (1, 0), (0, 1), (0, 1), (0, 1), (0, 1), (0, 1), (0, 1), (0, 1), (0, 1), (1, 0), (0, 1), (1, 0), (1, 0), (0, 1), (0, 1), (0, 1), (1, 0), (0, 1), (0, 1), (0, 1), (0, 1), (1, 0), (1, 0), (0, 1), (0, 1), (0, 1), (0, 1), (1, 0), (1, 0), (0, 1), (0, 1), (0, 1), (1, 0), (0, 1), (1, 0), (0, 1), (1, 0), (0, 1), (0, 1), (0, 1), (0, 1), (0, 1), (1, 0), (1, 0), (1, 0), (1, 0), (1, 0), (0, 1), (0, 1), (1, 0), (1, 0), (0, 1), (1, 0), (0, 1), (1, 0), (1, 0), (1, 0), (0, 1), (0, 1), (0, 1), (0, 1), (0, 1), (0, 1), (1, 0), (1, 0), (0, 1), (1, 0), (0, 1), (0, 1), (0, 1), (1, 0), (1, 0), (1, 0), (1, 0), (0, 1), (1, 0), (1, 0), (1, 0), (1, 0), (0, 1), (0, 1), (0, 1), (0, 1), (0, 1), (1, 0), (0, 1), (0, 1), (1, 0), (1, 0), (0, 1), (0, 1), (0, 1), (1, 0), (1, 0), (1, 0), (1, 0), (0, 1), (0, 1), (0, 1), (1, 0), (1, 0), (0, 1), (1, 0), (0, 1), (0, 1), (0, 1), (0, 1), (0, 1), (0, 1), (0, 1), (0, 1), (1, 0), (1, 0), (0, 1), (0, 1), (0, 1), (1, 0), (0, 1), (1, 0), (0, 1), (0, 1), (1, 0), (0, 1), (1, 0), (0, 1), (0, 1), (1, 0), (1, 0), (0, 1), (0, 1), (0, 1), (0, 1), (0, 1), (1, 0), (0, 1), (0, 1), (0, 1), (1, 0), (0, 1), (0, 1), (1, 0), (1, 0), (0, 1), (0, 1), (1, 0), (0, 1), (0, 1), (0, 1), (1, 0), (1, 0), (1, 0), (0, 1), (0, 1), (1, 0), (0, 1), (1, 0), (0, 1), (1, 0), (1, 0), (0, 1), (1, 0), (0, 1), (0, 1), (1, 0), (0, 1), (1, 0), (1, 0), (0, 1), (0, 1), (1, 0), (0, 1), (1, 0), (0, 1), (0, 1), (1, 0), (0, 1), (1, 0), (0, 1), (1, 0), (1, 0), (1, 0), (0, 1), (0, 1), (1, 0), (0, 1), (1, 0), (0, 1), (0, 1), (0, 1), (1, 0), (0, 1), (0, 1), (0, 1), (0, 1), (1, 0), (1, 0), (1, 0), (0, 1), (0, 1), (0, 1), (0, 1), (0, 1), (0, 1), (0, 1), (0, 1), (0, 1), (1, 0), (0, 1), (0, 1), (0, 1), (0, 1), (0, 1), (1, 0), (1, 0), (1, 0), (0, 1), (1, 0), (1, 0), (0, 1), (0, 1), (1, 0), (0, 1), (0, 1), (1, 0), (0, 1), (0, 1), (1, 0), (1, 0), (0, 1), (0, 1), (0, 1), (0, 1), (1, 0), (0, 1), (0, 1), (1, 0), (0, 1), (0, 1), (0, 1), (0, 1), (0, 1), (0, 1), (0, 1), (1, 0), (1, 0), (1, 0), (0, 1), (0, 1), (1, 0), (0, 1), (0, 1), (1, 0), (0, 1), (0, 1), (1, 0), (0, 1), (1, 0), (1, 0), (0, 1), (1, 0), (0, 1), (1, 0), (0, 1), (1, 0), (0, 1), (1, 0), (1, 0), (0, 1), (0, 1), (0, 1), (0, 1), (1, 0), (1, 0), (0, 1), (1, 0), (0, 1), (1, 0), (0, 1), (0, 1), (0, 1), (0, 1), (1, 0), (1, 0), (0, 1), (1, 0), (0, 1), (1, 0), (0, 1), (0, 1), (0, 1), (0, 1), (0, 1), (1, 0), (0, 1), (0, 1), (0, 1), (0, 1), (1, 0), (0, 1), (0, 1), (1, 0), (1, 0), (1, 0), (0, 1), (0, 1), (1, 0), (0, 1), (0, 1), (1, 0), (0, 1), (0, 1), (0, 1), (1, 0), (0, 1), (0, 1), (1, 0), (0, 1), (0, 1), (0, 1), (0, 1), (0, 1), (0, 1), (0, 1), (0, 1), (0, 1), (1, 0), (0, 1), (0, 1), (0, 1), (0, 1), (0, 1), (0, 1), (0, 1), (1, 0), (0, 1), (0, 1), (0, 1), (1, 0), (0, 1), (0, 1), (0, 1), (1, 0), (1, 0), (0, 1), (0, 1), (0, 1), (0, 1), (0, 1), (0, 1), (0, 1), (1, 0), (0, 1), (0, 1), (0, 1), (0, 1), (1, 0), (0, 1), (0, 1), (0, 1), (1, 0), (0, 1), (0, 1), (0, 1), (1, 0), (0, 1), (0, 1), (0, 1), (1, 0), (0, 1), (0, 1), (0, 1), (0, 1), (1, 0), (1, 0), (0, 1), (0, 1), (0, 1), (0, 1), (0, 1), (0, 1), (1, 0), (0, 1), (0, 1), (0, 1), (0, 1), (0, 1), (0, 1), (0, 1), (0, 1), (0, 1), (0, 1), (0, 1), (1, 0), (0, 1), (0, 1), (0, 1), (1, 0), (1, 0), (1, 0), (1, 0), (0, 1), (0, 1), (1, 0), (1, 0), (0, 1), (0, 1), (0, 1), (0, 1), (0, 1), (0, 1), (0, 1), (0, 1), (0, 1), (0, 1), (0, 1), (0, 1), (0, 1), (1, 0), (1, 0), (0, 1), (0, 1), (0, 1), (0, 1), (0, 1), (0, 1), (0, 1), (1, 0), (0, 1), (0, 1), (0, 1), (0, 1), (0, 1), (0, 1), (0, 1), (1, 0), (0, 1), (1, 0), (1, 0), (0, 1), (0, 1), (0, 1), (1, 0), (0, 1), (1, 0), (0, 1), (1, 0), (0, 1), (1, 0), (0, 1), (1, 0), (0, 1), (0, 1), (1, 0), (0, 1), (0, 1), (1, 0), (0, 1), (0, 1), (0, 1), (0, 1), (1, 0), (1, 0), (0, 1), (1, 0), (0, 1), (0, 1), (0, 1), (0, 1), (1, 0), (1, 0), (0, 1), (1, 0), (0, 1), (0, 1), (0, 1), (1, 0), (1, 0), (0, 1), (0, 1), (0, 1), (0, 1), (0, 1), (0, 1), (0, 1), (0, 1), (0, 1), (0, 1), (1, 0), (0, 1), (0, 1), (0, 1), (0, 1), (1, 0), (0, 1), (0, 1), (1, 0), (0, 1), (0, 1), (0, 1), (1, 0), (0, 1), (0, 1), (0, 1), (1, 0), (1, 0), (1, 0), (0, 1), (0, 1), (0, 1), (0, 1), (0, 1), (0, 1), (1, 0), (0, 1), (0, 1), (0, 1), (1, 0), (0, 1), (1, 0), (1, 0), (1, 0), (1, 0), (0, 1), (1, 0), (1, 0), (0, 1), (0, 1), (0, 1), (0, 1), (0, 1), (0, 1), (0, 1), (1, 0), (1, 0), (0, 1), (1, 0), (0, 1), (0, 1), (1, 0), (0, 1), (1, 0), (0, 1), (0, 1), (0, 1), (0, 1), (0, 1), (1, 0), (0, 1), (1, 0), (0, 1), (1, 0), (0, 1), (1, 0), (1, 0), (0, 1), (0, 1), (0, 1), (0, 1), (1, 0), (1, 0), (0, 1), (0, 1), (0, 1), (1, 0), (0, 1), (1, 0), (1, 0), (0, 1), (0, 1), (1, 0), (0, 1), (0, 1), (1, 0), (1, 0), (0, 1), (0, 1), (1, 0), (0, 1), (0, 1), (1, 0), (0, 1), (0, 1), (0, 1), (0, 1), (0, 1), (0, 1), (0, 1), (1, 0), (1, 0), (1, 0), (0, 1), (0, 1), (0, 1), (0, 1), (0, 1), (0, 1), (1, 0), (1, 0), (0, 1), (0, 1), (1, 0), (0, 1), (0, 1), (1, 0), (0, 1), (1, 0), (1, 0), (1, 0), (0, 1), (0, 1), (1, 0), (1, 0), (1, 0), (0, 1), (1, 0), (0, 1), (1, 0), (0, 1), (1, 0), (0, 1), (0, 1), (0, 1), (0, 1), (1, 0), (0, 1)]
l2_error

 [[ 0.20493035 -0.20504226]
 [-0.0229741   0.02293577]
 [ 0.18951282 -0.18956094]
 ...
 [-0.11232453  0.11234083]
 [ 0.41323109 -0.41324883]
 [-0.01721412  0.01719667]] 




The hidden layer is: 8
Error 0.4980438744276034
Error 0.3623944822754906
Error 0.3545165276748843
Error 0.3520115228653136
Error 0.35065699838273884
Error 0.3497264435680121
Output after training:

l2: 

 [[0.48165158 0.51839604]
 [0.0683449  0.93183199]
 [0.48657841 0.51340752]
 ...
 [0.30771937 0.69208168]
 [0.41713188 0.58296913]
 [0.04722527 0.95275237]]
y :

 [(1, 0), (0, 1), (1, 0), (0, 1), (1, 0), (0, 1), (1, 0), (0, 1), (1, 0), (1, 0), (0, 1), (1, 0), (0, 1), (1, 0), (1, 0), (1, 0), (1, 0), (1, 0), (0, 1), (1, 0), (0, 1), (0, 1), (1, 0), (1, 0), (1, 0), (1, 0), (1, 0), (0, 1), (0, 1), (0, 1), (0, 1), (1, 0), (0, 1), (0, 1), (0, 1), (0, 1), (0, 1), (1, 0), (1, 0), (1, 0), (0, 1), (0, 1), (0, 1), (1, 0), (0, 1), (1, 0), (0, 1), (0, 1), (1, 0), (0, 1), (0, 1), (0, 1), (0, 1), (1, 0), (0, 1), (0, 1), (1, 0), (0, 1), (0, 1), (0, 1), (0, 1), (1, 0), (0, 1), (0, 1), (1, 0), (0, 1), (1, 0), (0, 1), (0, 1), (0, 1), (1, 0), (0, 1), (1, 0), (0, 1), (0, 1), (0, 1), (0, 1), (0, 1), (1, 0), (0, 1), (0, 1), (0, 1), (0, 1), (0, 1), (1, 0), (0, 1), (0, 1), (0, 1), (1, 0), (0, 1), (0, 1), (0, 1), (0, 1), (1, 0), (0, 1), (0, 1), (0, 1), (0, 1), (0, 1), (1, 0), (1, 0), (0, 1), (0, 1), (0, 1), (0, 1), (0, 1), (0, 1), (0, 1), (0, 1), (1, 0), (1, 0), (1, 0), (0, 1), (0, 1), (1, 0), (1, 0), (1, 0), (0, 1), (0, 1), (0, 1), (1, 0), (0, 1), (0, 1), (0, 1), (1, 0), (1, 0), (0, 1), (0, 1), (1, 0), (1, 0), (1, 0), (1, 0), (1, 0), (0, 1), (0, 1), (0, 1), (0, 1), (0, 1), (0, 1), (0, 1), (0, 1), (0, 1), (0, 1), (1, 0), (0, 1), (0, 1), (0, 1), (0, 1), (0, 1), (0, 1), (0, 1), (0, 1), (1, 0), (0, 1), (1, 0), (1, 0), (0, 1), (0, 1), (0, 1), (1, 0), (0, 1), (0, 1), (0, 1), (0, 1), (1, 0), (1, 0), (0, 1), (0, 1), (0, 1), (0, 1), (1, 0), (1, 0), (0, 1), (0, 1), (0, 1), (1, 0), (0, 1), (1, 0), (0, 1), (1, 0), (0, 1), (0, 1), (0, 1), (0, 1), (0, 1), (1, 0), (1, 0), (1, 0), (1, 0), (1, 0), (0, 1), (0, 1), (1, 0), (1, 0), (0, 1), (1, 0), (0, 1), (1, 0), (1, 0), (1, 0), (0, 1), (0, 1), (0, 1), (0, 1), (0, 1), (0, 1), (1, 0), (1, 0), (0, 1), (1, 0), (0, 1), (0, 1), (0, 1), (1, 0), (1, 0), (1, 0), (1, 0), (0, 1), (1, 0), (1, 0), (1, 0), (1, 0), (0, 1), (0, 1), (0, 1), (0, 1), (0, 1), (1, 0), (0, 1), (0, 1), (1, 0), (1, 0), (0, 1), (0, 1), (0, 1), (1, 0), (1, 0), (1, 0), (1, 0), (0, 1), (0, 1), (0, 1), (1, 0), (1, 0), (0, 1), (1, 0), (0, 1), (0, 1), (0, 1), (0, 1), (0, 1), (0, 1), (0, 1), (0, 1), (1, 0), (1, 0), (0, 1), (0, 1), (0, 1), (1, 0), (0, 1), (1, 0), (0, 1), (0, 1), (1, 0), (0, 1), (1, 0), (0, 1), (0, 1), (1, 0), (1, 0), (0, 1), (0, 1), (0, 1), (0, 1), (0, 1), (1, 0), (0, 1), (0, 1), (0, 1), (1, 0), (0, 1), (0, 1), (1, 0), (1, 0), (0, 1), (0, 1), (1, 0), (0, 1), (0, 1), (0, 1), (1, 0), (1, 0), (1, 0), (0, 1), (0, 1), (1, 0), (0, 1), (1, 0), (0, 1), (1, 0), (1, 0), (0, 1), (1, 0), (0, 1), (0, 1), (1, 0), (0, 1), (1, 0), (1, 0), (0, 1), (0, 1), (1, 0), (0, 1), (1, 0), (0, 1), (0, 1), (1, 0), (0, 1), (1, 0), (0, 1), (1, 0), (1, 0), (1, 0), (0, 1), (0, 1), (1, 0), (0, 1), (1, 0), (0, 1), (0, 1), (0, 1), (1, 0), (0, 1), (0, 1), (0, 1), (0, 1), (1, 0), (1, 0), (1, 0), (0, 1), (0, 1), (0, 1), (0, 1), (0, 1), (0, 1), (0, 1), (0, 1), (0, 1), (1, 0), (0, 1), (0, 1), (0, 1), (0, 1), (0, 1), (1, 0), (1, 0), (1, 0), (0, 1), (1, 0), (1, 0), (0, 1), (0, 1), (1, 0), (0, 1), (0, 1), (1, 0), (0, 1), (0, 1), (1, 0), (1, 0), (0, 1), (0, 1), (0, 1), (0, 1), (1, 0), (0, 1), (0, 1), (1, 0), (0, 1), (0, 1), (0, 1), (0, 1), (0, 1), (0, 1), (0, 1), (1, 0), (1, 0), (1, 0), (0, 1), (0, 1), (1, 0), (0, 1), (0, 1), (1, 0), (0, 1), (0, 1), (1, 0), (0, 1), (1, 0), (1, 0), (0, 1), (1, 0), (0, 1), (1, 0), (0, 1), (1, 0), (0, 1), (1, 0), (1, 0), (0, 1), (0, 1), (0, 1), (0, 1), (1, 0), (1, 0), (0, 1), (1, 0), (0, 1), (1, 0), (0, 1), (0, 1), (0, 1), (0, 1), (1, 0), (1, 0), (0, 1), (1, 0), (0, 1), (1, 0), (0, 1), (0, 1), (0, 1), (0, 1), (0, 1), (1, 0), (0, 1), (0, 1), (0, 1), (0, 1), (1, 0), (0, 1), (0, 1), (1, 0), (1, 0), (1, 0), (0, 1), (0, 1), (1, 0), (0, 1), (0, 1), (1, 0), (0, 1), (0, 1), (0, 1), (1, 0), (0, 1), (0, 1), (1, 0), (0, 1), (0, 1), (0, 1), (0, 1), (0, 1), (0, 1), (0, 1), (0, 1), (0, 1), (1, 0), (0, 1), (0, 1), (0, 1), (0, 1), (0, 1), (0, 1), (0, 1), (1, 0), (0, 1), (0, 1), (0, 1), (1, 0), (0, 1), (0, 1), (0, 1), (1, 0), (1, 0), (0, 1), (0, 1), (0, 1), (0, 1), (0, 1), (0, 1), (0, 1), (1, 0), (0, 1), (0, 1), (0, 1), (0, 1), (1, 0), (0, 1), (0, 1), (0, 1), (1, 0), (0, 1), (0, 1), (0, 1), (1, 0), (0, 1), (0, 1), (0, 1), (1, 0), (0, 1), (0, 1), (0, 1), (0, 1), (1, 0), (1, 0), (0, 1), (0, 1), (0, 1), (0, 1), (0, 1), (0, 1), (1, 0), (0, 1), (0, 1), (0, 1), (0, 1), (0, 1), (0, 1), (0, 1), (0, 1), (0, 1), (0, 1), (0, 1), (1, 0), (0, 1), (0, 1), (0, 1), (1, 0), (1, 0), (1, 0), (1, 0), (0, 1), (0, 1), (1, 0), (1, 0), (0, 1), (0, 1), (0, 1), (0, 1), (0, 1), (0, 1), (0, 1), (0, 1), (0, 1), (0, 1), (0, 1), (0, 1), (0, 1), (1, 0), (1, 0), (0, 1), (0, 1), (0, 1), (0, 1), (0, 1), (0, 1), (0, 1), (1, 0), (0, 1), (0, 1), (0, 1), (0, 1), (0, 1), (0, 1), (0, 1), (1, 0), (0, 1), (1, 0), (1, 0), (0, 1), (0, 1), (0, 1), (1, 0), (0, 1), (1, 0), (0, 1), (1, 0), (0, 1), (1, 0), (0, 1), (1, 0), (0, 1), (0, 1), (1, 0), (0, 1), (0, 1), (1, 0), (0, 1), (0, 1), (0, 1), (0, 1), (1, 0), (1, 0), (0, 1), (1, 0), (0, 1), (0, 1), (0, 1), (0, 1), (1, 0), (1, 0), (0, 1), (1, 0), (0, 1), (0, 1), (0, 1), (1, 0), (1, 0), (0, 1), (0, 1), (0, 1), (0, 1), (0, 1), (0, 1), (0, 1), (0, 1), (0, 1), (0, 1), (1, 0), (0, 1), (0, 1), (0, 1), (0, 1), (1, 0), (0, 1), (0, 1), (1, 0), (0, 1), (0, 1), (0, 1), (1, 0), (0, 1), (0, 1), (0, 1), (1, 0), (1, 0), (1, 0), (0, 1), (0, 1), (0, 1), (0, 1), (0, 1), (0, 1), (1, 0), (0, 1), (0, 1), (0, 1), (1, 0), (0, 1), (1, 0), (1, 0), (1, 0), (1, 0), (0, 1), (1, 0), (1, 0), (0, 1), (0, 1), (0, 1), (0, 1), (0, 1), (0, 1), (0, 1), (1, 0), (1, 0), (0, 1), (1, 0), (0, 1), (0, 1), (1, 0), (0, 1), (1, 0), (0, 1), (0, 1), (0, 1), (0, 1), (0, 1), (1, 0), (0, 1), (1, 0), (0, 1), (1, 0), (0, 1), (1, 0), (1, 0), (0, 1), (0, 1), (0, 1), (0, 1), (1, 0), (1, 0), (0, 1), (0, 1), (0, 1), (1, 0), (0, 1), (1, 0), (1, 0), (0, 1), (0, 1), (1, 0), (0, 1), (0, 1), (1, 0), (1, 0), (0, 1), (0, 1), (1, 0), (0, 1), (0, 1), (1, 0), (0, 1), (0, 1), (0, 1), (0, 1), (0, 1), (0, 1), (0, 1), (1, 0), (1, 0), (1, 0), (0, 1), (0, 1), (0, 1), (0, 1), (0, 1), (0, 1), (1, 0), (1, 0), (0, 1), (0, 1), (1, 0), (0, 1), (0, 1), (1, 0), (0, 1), (1, 0), (1, 0), (1, 0), (0, 1), (0, 1), (1, 0), (1, 0), (1, 0), (0, 1), (1, 0), (0, 1), (1, 0), (0, 1), (1, 0), (0, 1), (0, 1), (0, 1), (0, 1), (1, 0), (0, 1)]
l2_error

 [[ 0.51834842 -0.51839604]
 [-0.0683449   0.06816801]
 [ 0.51342159 -0.51340752]
 ...
 [-0.30771937  0.30791832]
 [ 0.58286812 -0.58296913]
 [-0.04722527  0.04724763]] 




The hidden layer is: 9
Error 0.5046293625932075
Error 0.2744181284141249
Error 0.2685494098205681
Error 0.25675572451237505
Error 0.25149878084360316
Error 0.24799204801657862
Output after training:

l2: 

 [[0.84919503 0.15090649]
 [0.05312146 0.94683721]
 [0.88055037 0.11953538]
 ...
 [0.1995376  0.80037174]
 [0.72497105 0.27522349]
 [0.03128326 0.96865887]]
y :

 [(1, 0), (0, 1), (1, 0), (0, 1), (1, 0), (0, 1), (1, 0), (0, 1), (1, 0), (1, 0), (0, 1), (1, 0), (0, 1), (1, 0), (1, 0), (1, 0), (1, 0), (1, 0), (0, 1), (1, 0), (0, 1), (0, 1), (1, 0), (1, 0), (1, 0), (1, 0), (1, 0), (0, 1), (0, 1), (0, 1), (0, 1), (1, 0), (0, 1), (0, 1), (0, 1), (0, 1), (0, 1), (1, 0), (1, 0), (1, 0), (0, 1), (0, 1), (0, 1), (1, 0), (0, 1), (1, 0), (0, 1), (0, 1), (1, 0), (0, 1), (0, 1), (0, 1), (0, 1), (1, 0), (0, 1), (0, 1), (1, 0), (0, 1), (0, 1), (0, 1), (0, 1), (1, 0), (0, 1), (0, 1), (1, 0), (0, 1), (1, 0), (0, 1), (0, 1), (0, 1), (1, 0), (0, 1), (1, 0), (0, 1), (0, 1), (0, 1), (0, 1), (0, 1), (1, 0), (0, 1), (0, 1), (0, 1), (0, 1), (0, 1), (1, 0), (0, 1), (0, 1), (0, 1), (1, 0), (0, 1), (0, 1), (0, 1), (0, 1), (1, 0), (0, 1), (0, 1), (0, 1), (0, 1), (0, 1), (1, 0), (1, 0), (0, 1), (0, 1), (0, 1), (0, 1), (0, 1), (0, 1), (0, 1), (0, 1), (1, 0), (1, 0), (1, 0), (0, 1), (0, 1), (1, 0), (1, 0), (1, 0), (0, 1), (0, 1), (0, 1), (1, 0), (0, 1), (0, 1), (0, 1), (1, 0), (1, 0), (0, 1), (0, 1), (1, 0), (1, 0), (1, 0), (1, 0), (1, 0), (0, 1), (0, 1), (0, 1), (0, 1), (0, 1), (0, 1), (0, 1), (0, 1), (0, 1), (0, 1), (1, 0), (0, 1), (0, 1), (0, 1), (0, 1), (0, 1), (0, 1), (0, 1), (0, 1), (1, 0), (0, 1), (1, 0), (1, 0), (0, 1), (0, 1), (0, 1), (1, 0), (0, 1), (0, 1), (0, 1), (0, 1), (1, 0), (1, 0), (0, 1), (0, 1), (0, 1), (0, 1), (1, 0), (1, 0), (0, 1), (0, 1), (0, 1), (1, 0), (0, 1), (1, 0), (0, 1), (1, 0), (0, 1), (0, 1), (0, 1), (0, 1), (0, 1), (1, 0), (1, 0), (1, 0), (1, 0), (1, 0), (0, 1), (0, 1), (1, 0), (1, 0), (0, 1), (1, 0), (0, 1), (1, 0), (1, 0), (1, 0), (0, 1), (0, 1), (0, 1), (0, 1), (0, 1), (0, 1), (1, 0), (1, 0), (0, 1), (1, 0), (0, 1), (0, 1), (0, 1), (1, 0), (1, 0), (1, 0), (1, 0), (0, 1), (1, 0), (1, 0), (1, 0), (1, 0), (0, 1), (0, 1), (0, 1), (0, 1), (0, 1), (1, 0), (0, 1), (0, 1), (1, 0), (1, 0), (0, 1), (0, 1), (0, 1), (1, 0), (1, 0), (1, 0), (1, 0), (0, 1), (0, 1), (0, 1), (1, 0), (1, 0), (0, 1), (1, 0), (0, 1), (0, 1), (0, 1), (0, 1), (0, 1), (0, 1), (0, 1), (0, 1), (1, 0), (1, 0), (0, 1), (0, 1), (0, 1), (1, 0), (0, 1), (1, 0), (0, 1), (0, 1), (1, 0), (0, 1), (1, 0), (0, 1), (0, 1), (1, 0), (1, 0), (0, 1), (0, 1), (0, 1), (0, 1), (0, 1), (1, 0), (0, 1), (0, 1), (0, 1), (1, 0), (0, 1), (0, 1), (1, 0), (1, 0), (0, 1), (0, 1), (1, 0), (0, 1), (0, 1), (0, 1), (1, 0), (1, 0), (1, 0), (0, 1), (0, 1), (1, 0), (0, 1), (1, 0), (0, 1), (1, 0), (1, 0), (0, 1), (1, 0), (0, 1), (0, 1), (1, 0), (0, 1), (1, 0), (1, 0), (0, 1), (0, 1), (1, 0), (0, 1), (1, 0), (0, 1), (0, 1), (1, 0), (0, 1), (1, 0), (0, 1), (1, 0), (1, 0), (1, 0), (0, 1), (0, 1), (1, 0), (0, 1), (1, 0), (0, 1), (0, 1), (0, 1), (1, 0), (0, 1), (0, 1), (0, 1), (0, 1), (1, 0), (1, 0), (1, 0), (0, 1), (0, 1), (0, 1), (0, 1), (0, 1), (0, 1), (0, 1), (0, 1), (0, 1), (1, 0), (0, 1), (0, 1), (0, 1), (0, 1), (0, 1), (1, 0), (1, 0), (1, 0), (0, 1), (1, 0), (1, 0), (0, 1), (0, 1), (1, 0), (0, 1), (0, 1), (1, 0), (0, 1), (0, 1), (1, 0), (1, 0), (0, 1), (0, 1), (0, 1), (0, 1), (1, 0), (0, 1), (0, 1), (1, 0), (0, 1), (0, 1), (0, 1), (0, 1), (0, 1), (0, 1), (0, 1), (1, 0), (1, 0), (1, 0), (0, 1), (0, 1), (1, 0), (0, 1), (0, 1), (1, 0), (0, 1), (0, 1), (1, 0), (0, 1), (1, 0), (1, 0), (0, 1), (1, 0), (0, 1), (1, 0), (0, 1), (1, 0), (0, 1), (1, 0), (1, 0), (0, 1), (0, 1), (0, 1), (0, 1), (1, 0), (1, 0), (0, 1), (1, 0), (0, 1), (1, 0), (0, 1), (0, 1), (0, 1), (0, 1), (1, 0), (1, 0), (0, 1), (1, 0), (0, 1), (1, 0), (0, 1), (0, 1), (0, 1), (0, 1), (0, 1), (1, 0), (0, 1), (0, 1), (0, 1), (0, 1), (1, 0), (0, 1), (0, 1), (1, 0), (1, 0), (1, 0), (0, 1), (0, 1), (1, 0), (0, 1), (0, 1), (1, 0), (0, 1), (0, 1), (0, 1), (1, 0), (0, 1), (0, 1), (1, 0), (0, 1), (0, 1), (0, 1), (0, 1), (0, 1), (0, 1), (0, 1), (0, 1), (0, 1), (1, 0), (0, 1), (0, 1), (0, 1), (0, 1), (0, 1), (0, 1), (0, 1), (1, 0), (0, 1), (0, 1), (0, 1), (1, 0), (0, 1), (0, 1), (0, 1), (1, 0), (1, 0), (0, 1), (0, 1), (0, 1), (0, 1), (0, 1), (0, 1), (0, 1), (1, 0), (0, 1), (0, 1), (0, 1), (0, 1), (1, 0), (0, 1), (0, 1), (0, 1), (1, 0), (0, 1), (0, 1), (0, 1), (1, 0), (0, 1), (0, 1), (0, 1), (1, 0), (0, 1), (0, 1), (0, 1), (0, 1), (1, 0), (1, 0), (0, 1), (0, 1), (0, 1), (0, 1), (0, 1), (0, 1), (1, 0), (0, 1), (0, 1), (0, 1), (0, 1), (0, 1), (0, 1), (0, 1), (0, 1), (0, 1), (0, 1), (0, 1), (1, 0), (0, 1), (0, 1), (0, 1), (1, 0), (1, 0), (1, 0), (1, 0), (0, 1), (0, 1), (1, 0), (1, 0), (0, 1), (0, 1), (0, 1), (0, 1), (0, 1), (0, 1), (0, 1), (0, 1), (0, 1), (0, 1), (0, 1), (0, 1), (0, 1), (1, 0), (1, 0), (0, 1), (0, 1), (0, 1), (0, 1), (0, 1), (0, 1), (0, 1), (1, 0), (0, 1), (0, 1), (0, 1), (0, 1), (0, 1), (0, 1), (0, 1), (1, 0), (0, 1), (1, 0), (1, 0), (0, 1), (0, 1), (0, 1), (1, 0), (0, 1), (1, 0), (0, 1), (1, 0), (0, 1), (1, 0), (0, 1), (1, 0), (0, 1), (0, 1), (1, 0), (0, 1), (0, 1), (1, 0), (0, 1), (0, 1), (0, 1), (0, 1), (1, 0), (1, 0), (0, 1), (1, 0), (0, 1), (0, 1), (0, 1), (0, 1), (1, 0), (1, 0), (0, 1), (1, 0), (0, 1), (0, 1), (0, 1), (1, 0), (1, 0), (0, 1), (0, 1), (0, 1), (0, 1), (0, 1), (0, 1), (0, 1), (0, 1), (0, 1), (0, 1), (1, 0), (0, 1), (0, 1), (0, 1), (0, 1), (1, 0), (0, 1), (0, 1), (1, 0), (0, 1), (0, 1), (0, 1), (1, 0), (0, 1), (0, 1), (0, 1), (1, 0), (1, 0), (1, 0), (0, 1), (0, 1), (0, 1), (0, 1), (0, 1), (0, 1), (1, 0), (0, 1), (0, 1), (0, 1), (1, 0), (0, 1), (1, 0), (1, 0), (1, 0), (1, 0), (0, 1), (1, 0), (1, 0), (0, 1), (0, 1), (0, 1), (0, 1), (0, 1), (0, 1), (0, 1), (1, 0), (1, 0), (0, 1), (1, 0), (0, 1), (0, 1), (1, 0), (0, 1), (1, 0), (0, 1), (0, 1), (0, 1), (0, 1), (0, 1), (1, 0), (0, 1), (1, 0), (0, 1), (1, 0), (0, 1), (1, 0), (1, 0), (0, 1), (0, 1), (0, 1), (0, 1), (1, 0), (1, 0), (0, 1), (0, 1), (0, 1), (1, 0), (0, 1), (1, 0), (1, 0), (0, 1), (0, 1), (1, 0), (0, 1), (0, 1), (1, 0), (1, 0), (0, 1), (0, 1), (1, 0), (0, 1), (0, 1), (1, 0), (0, 1), (0, 1), (0, 1), (0, 1), (0, 1), (0, 1), (0, 1), (1, 0), (1, 0), (1, 0), (0, 1), (0, 1), (0, 1), (0, 1), (0, 1), (0, 1), (1, 0), (1, 0), (0, 1), (0, 1), (1, 0), (0, 1), (0, 1), (1, 0), (0, 1), (1, 0), (1, 0), (1, 0), (0, 1), (0, 1), (1, 0), (1, 0), (1, 0), (0, 1), (1, 0), (0, 1), (1, 0), (0, 1), (1, 0), (0, 1), (0, 1), (0, 1), (0, 1), (1, 0), (0, 1)]
l2_error

 [[ 0.15080497 -0.15090649]
 [-0.05312146  0.05316279]
 [ 0.11944963 -0.11953538]
 ...
 [-0.1995376   0.19962826]
 [ 0.27502895 -0.27522349]
 [-0.03128326  0.03134113]] 




The hidden layer is: 10
Error 0.4977020126911054
Error 0.28151130603441854
Error 0.27157459762642633
Error 0.261025319583585
Error 0.2527330464617417
Error 0.2481423745756258
Output after training:

l2: 

 [[0.84839403 0.15154592]
 [0.02803845 0.97192601]
 [0.81612474 0.18400122]
 ...
 [0.13272859 0.86728568]
 [0.68936252 0.31062323]
 [0.0124763  0.98751168]]
y :

 [(1, 0), (0, 1), (1, 0), (0, 1), (1, 0), (0, 1), (1, 0), (0, 1), (1, 0), (1, 0), (0, 1), (1, 0), (0, 1), (1, 0), (1, 0), (1, 0), (1, 0), (1, 0), (0, 1), (1, 0), (0, 1), (0, 1), (1, 0), (1, 0), (1, 0), (1, 0), (1, 0), (0, 1), (0, 1), (0, 1), (0, 1), (1, 0), (0, 1), (0, 1), (0, 1), (0, 1), (0, 1), (1, 0), (1, 0), (1, 0), (0, 1), (0, 1), (0, 1), (1, 0), (0, 1), (1, 0), (0, 1), (0, 1), (1, 0), (0, 1), (0, 1), (0, 1), (0, 1), (1, 0), (0, 1), (0, 1), (1, 0), (0, 1), (0, 1), (0, 1), (0, 1), (1, 0), (0, 1), (0, 1), (1, 0), (0, 1), (1, 0), (0, 1), (0, 1), (0, 1), (1, 0), (0, 1), (1, 0), (0, 1), (0, 1), (0, 1), (0, 1), (0, 1), (1, 0), (0, 1), (0, 1), (0, 1), (0, 1), (0, 1), (1, 0), (0, 1), (0, 1), (0, 1), (1, 0), (0, 1), (0, 1), (0, 1), (0, 1), (1, 0), (0, 1), (0, 1), (0, 1), (0, 1), (0, 1), (1, 0), (1, 0), (0, 1), (0, 1), (0, 1), (0, 1), (0, 1), (0, 1), (0, 1), (0, 1), (1, 0), (1, 0), (1, 0), (0, 1), (0, 1), (1, 0), (1, 0), (1, 0), (0, 1), (0, 1), (0, 1), (1, 0), (0, 1), (0, 1), (0, 1), (1, 0), (1, 0), (0, 1), (0, 1), (1, 0), (1, 0), (1, 0), (1, 0), (1, 0), (0, 1), (0, 1), (0, 1), (0, 1), (0, 1), (0, 1), (0, 1), (0, 1), (0, 1), (0, 1), (1, 0), (0, 1), (0, 1), (0, 1), (0, 1), (0, 1), (0, 1), (0, 1), (0, 1), (1, 0), (0, 1), (1, 0), (1, 0), (0, 1), (0, 1), (0, 1), (1, 0), (0, 1), (0, 1), (0, 1), (0, 1), (1, 0), (1, 0), (0, 1), (0, 1), (0, 1), (0, 1), (1, 0), (1, 0), (0, 1), (0, 1), (0, 1), (1, 0), (0, 1), (1, 0), (0, 1), (1, 0), (0, 1), (0, 1), (0, 1), (0, 1), (0, 1), (1, 0), (1, 0), (1, 0), (1, 0), (1, 0), (0, 1), (0, 1), (1, 0), (1, 0), (0, 1), (1, 0), (0, 1), (1, 0), (1, 0), (1, 0), (0, 1), (0, 1), (0, 1), (0, 1), (0, 1), (0, 1), (1, 0), (1, 0), (0, 1), (1, 0), (0, 1), (0, 1), (0, 1), (1, 0), (1, 0), (1, 0), (1, 0), (0, 1), (1, 0), (1, 0), (1, 0), (1, 0), (0, 1), (0, 1), (0, 1), (0, 1), (0, 1), (1, 0), (0, 1), (0, 1), (1, 0), (1, 0), (0, 1), (0, 1), (0, 1), (1, 0), (1, 0), (1, 0), (1, 0), (0, 1), (0, 1), (0, 1), (1, 0), (1, 0), (0, 1), (1, 0), (0, 1), (0, 1), (0, 1), (0, 1), (0, 1), (0, 1), (0, 1), (0, 1), (1, 0), (1, 0), (0, 1), (0, 1), (0, 1), (1, 0), (0, 1), (1, 0), (0, 1), (0, 1), (1, 0), (0, 1), (1, 0), (0, 1), (0, 1), (1, 0), (1, 0), (0, 1), (0, 1), (0, 1), (0, 1), (0, 1), (1, 0), (0, 1), (0, 1), (0, 1), (1, 0), (0, 1), (0, 1), (1, 0), (1, 0), (0, 1), (0, 1), (1, 0), (0, 1), (0, 1), (0, 1), (1, 0), (1, 0), (1, 0), (0, 1), (0, 1), (1, 0), (0, 1), (1, 0), (0, 1), (1, 0), (1, 0), (0, 1), (1, 0), (0, 1), (0, 1), (1, 0), (0, 1), (1, 0), (1, 0), (0, 1), (0, 1), (1, 0), (0, 1), (1, 0), (0, 1), (0, 1), (1, 0), (0, 1), (1, 0), (0, 1), (1, 0), (1, 0), (1, 0), (0, 1), (0, 1), (1, 0), (0, 1), (1, 0), (0, 1), (0, 1), (0, 1), (1, 0), (0, 1), (0, 1), (0, 1), (0, 1), (1, 0), (1, 0), (1, 0), (0, 1), (0, 1), (0, 1), (0, 1), (0, 1), (0, 1), (0, 1), (0, 1), (0, 1), (1, 0), (0, 1), (0, 1), (0, 1), (0, 1), (0, 1), (1, 0), (1, 0), (1, 0), (0, 1), (1, 0), (1, 0), (0, 1), (0, 1), (1, 0), (0, 1), (0, 1), (1, 0), (0, 1), (0, 1), (1, 0), (1, 0), (0, 1), (0, 1), (0, 1), (0, 1), (1, 0), (0, 1), (0, 1), (1, 0), (0, 1), (0, 1), (0, 1), (0, 1), (0, 1), (0, 1), (0, 1), (1, 0), (1, 0), (1, 0), (0, 1), (0, 1), (1, 0), (0, 1), (0, 1), (1, 0), (0, 1), (0, 1), (1, 0), (0, 1), (1, 0), (1, 0), (0, 1), (1, 0), (0, 1), (1, 0), (0, 1), (1, 0), (0, 1), (1, 0), (1, 0), (0, 1), (0, 1), (0, 1), (0, 1), (1, 0), (1, 0), (0, 1), (1, 0), (0, 1), (1, 0), (0, 1), (0, 1), (0, 1), (0, 1), (1, 0), (1, 0), (0, 1), (1, 0), (0, 1), (1, 0), (0, 1), (0, 1), (0, 1), (0, 1), (0, 1), (1, 0), (0, 1), (0, 1), (0, 1), (0, 1), (1, 0), (0, 1), (0, 1), (1, 0), (1, 0), (1, 0), (0, 1), (0, 1), (1, 0), (0, 1), (0, 1), (1, 0), (0, 1), (0, 1), (0, 1), (1, 0), (0, 1), (0, 1), (1, 0), (0, 1), (0, 1), (0, 1), (0, 1), (0, 1), (0, 1), (0, 1), (0, 1), (0, 1), (1, 0), (0, 1), (0, 1), (0, 1), (0, 1), (0, 1), (0, 1), (0, 1), (1, 0), (0, 1), (0, 1), (0, 1), (1, 0), (0, 1), (0, 1), (0, 1), (1, 0), (1, 0), (0, 1), (0, 1), (0, 1), (0, 1), (0, 1), (0, 1), (0, 1), (1, 0), (0, 1), (0, 1), (0, 1), (0, 1), (1, 0), (0, 1), (0, 1), (0, 1), (1, 0), (0, 1), (0, 1), (0, 1), (1, 0), (0, 1), (0, 1), (0, 1), (1, 0), (0, 1), (0, 1), (0, 1), (0, 1), (1, 0), (1, 0), (0, 1), (0, 1), (0, 1), (0, 1), (0, 1), (0, 1), (1, 0), (0, 1), (0, 1), (0, 1), (0, 1), (0, 1), (0, 1), (0, 1), (0, 1), (0, 1), (0, 1), (0, 1), (1, 0), (0, 1), (0, 1), (0, 1), (1, 0), (1, 0), (1, 0), (1, 0), (0, 1), (0, 1), (1, 0), (1, 0), (0, 1), (0, 1), (0, 1), (0, 1), (0, 1), (0, 1), (0, 1), (0, 1), (0, 1), (0, 1), (0, 1), (0, 1), (0, 1), (1, 0), (1, 0), (0, 1), (0, 1), (0, 1), (0, 1), (0, 1), (0, 1), (0, 1), (1, 0), (0, 1), (0, 1), (0, 1), (0, 1), (0, 1), (0, 1), (0, 1), (1, 0), (0, 1), (1, 0), (1, 0), (0, 1), (0, 1), (0, 1), (1, 0), (0, 1), (1, 0), (0, 1), (1, 0), (0, 1), (1, 0), (0, 1), (1, 0), (0, 1), (0, 1), (1, 0), (0, 1), (0, 1), (1, 0), (0, 1), (0, 1), (0, 1), (0, 1), (1, 0), (1, 0), (0, 1), (1, 0), (0, 1), (0, 1), (0, 1), (0, 1), (1, 0), (1, 0), (0, 1), (1, 0), (0, 1), (0, 1), (0, 1), (1, 0), (1, 0), (0, 1), (0, 1), (0, 1), (0, 1), (0, 1), (0, 1), (0, 1), (0, 1), (0, 1), (0, 1), (1, 0), (0, 1), (0, 1), (0, 1), (0, 1), (1, 0), (0, 1), (0, 1), (1, 0), (0, 1), (0, 1), (0, 1), (1, 0), (0, 1), (0, 1), (0, 1), (1, 0), (1, 0), (1, 0), (0, 1), (0, 1), (0, 1), (0, 1), (0, 1), (0, 1), (1, 0), (0, 1), (0, 1), (0, 1), (1, 0), (0, 1), (1, 0), (1, 0), (1, 0), (1, 0), (0, 1), (1, 0), (1, 0), (0, 1), (0, 1), (0, 1), (0, 1), (0, 1), (0, 1), (0, 1), (1, 0), (1, 0), (0, 1), (1, 0), (0, 1), (0, 1), (1, 0), (0, 1), (1, 0), (0, 1), (0, 1), (0, 1), (0, 1), (0, 1), (1, 0), (0, 1), (1, 0), (0, 1), (1, 0), (0, 1), (1, 0), (1, 0), (0, 1), (0, 1), (0, 1), (0, 1), (1, 0), (1, 0), (0, 1), (0, 1), (0, 1), (1, 0), (0, 1), (1, 0), (1, 0), (0, 1), (0, 1), (1, 0), (0, 1), (0, 1), (1, 0), (1, 0), (0, 1), (0, 1), (1, 0), (0, 1), (0, 1), (1, 0), (0, 1), (0, 1), (0, 1), (0, 1), (0, 1), (0, 1), (0, 1), (1, 0), (1, 0), (1, 0), (0, 1), (0, 1), (0, 1), (0, 1), (0, 1), (0, 1), (1, 0), (1, 0), (0, 1), (0, 1), (1, 0), (0, 1), (0, 1), (1, 0), (0, 1), (1, 0), (1, 0), (1, 0), (0, 1), (0, 1), (1, 0), (1, 0), (1, 0), (0, 1), (1, 0), (0, 1), (1, 0), (0, 1), (1, 0), (0, 1), (0, 1), (0, 1), (0, 1), (1, 0), (0, 1)]
l2_error

 [[ 0.15160597 -0.15154592]
 [-0.02803845  0.02807399]
 [ 0.18387526 -0.18400122]
 ...
 [-0.13272859  0.13271432]
 [ 0.31063748 -0.31062323]
 [-0.0124763   0.01248832]] 




