For Leaky ReLu Function:
The hidden layer is: 6
Error 0.49564738047473145
Error 0.4367038184595719
Error 0.41636481060423747
Error 0.41344871246822396
Error 0.41254145038222373
Error 0.4119488593701337
Output after training:

l2: 
 [[0.52451883 0.51394796]
 [0.14111184 0.72804144]
 [0.72770912 0.15427472]
 ...
 [0.34291889 0.56740243]
 [0.3416646  0.55632984]
 [0.16903301 0.75155366]]
y :
 [(1, 0), (0, 1), (1, 0), (0, 1), (1, 0), (0, 1), (1, 0), (0, 1), (1, 0), (1, 0), (0, 1), (1, 0), (0, 1), (1, 0), (1, 0), (1, 0), (1, 0), (1, 0), (0, 1), (1, 0), (0, 1), (0, 1), (1, 0), (1, 0), (1, 0), (1, 0), (1, 0), (0, 1), (0, 1), (0, 1), (0, 1), (1, 0), (0, 1), (0, 1), (0, 1), (0, 1), (0, 1), (1, 0), (1, 0), (1, 0), (0, 1), (0, 1), (0, 1), (1, 0), (0, 1), (1, 0), (0, 1), (0, 1), (1, 0), (0, 1), (0, 1), (0, 1), (0, 1), (1, 0), (0, 1), (0, 1), (1, 0), (0, 1), (0, 1), (0, 1), (0, 1), (1, 0), (0, 1), (0, 1), (1, 0), (0, 1), (1, 0), (0, 1), (0, 1), (0, 1), (1, 0), (0, 1), (1, 0), (0, 1), (0, 1), (0, 1), (0, 1), (0, 1), (1, 0), (0, 1), (0, 1), (0, 1), (0, 1), (0, 1), (1, 0), (0, 1), (0, 1), (0, 1), (1, 0), (0, 1), (0, 1), (0, 1), (0, 1), (1, 0), (0, 1), (0, 1), (0, 1), (0, 1), (0, 1), (1, 0), (1, 0), (0, 1), (0, 1), (0, 1), (0, 1), (0, 1), (0, 1), (0, 1), (0, 1), (1, 0), (1, 0), (1, 0), (0, 1), (0, 1), (1, 0), (1, 0), (1, 0), (0, 1), (0, 1), (0, 1), (1, 0), (0, 1), (0, 1), (0, 1), (1, 0), (1, 0), (0, 1), (0, 1), (1, 0), (1, 0), (1, 0), (1, 0), (1, 0), (0, 1), (0, 1), (0, 1), (0, 1), (0, 1), (0, 1), (0, 1), (0, 1), (0, 1), (0, 1), (1, 0), (0, 1), (0, 1), (0, 1), (0, 1), (0, 1), (0, 1), (0, 1), (0, 1), (1, 0), (0, 1), (1, 0), (1, 0), (0, 1), (0, 1), (0, 1), (1, 0), (0, 1), (0, 1), (0, 1), (0, 1), (1, 0), (1, 0), (0, 1), (0, 1), (0, 1), (0, 1), (1, 0), (1, 0), (0, 1), (0, 1), (0, 1), (1, 0), (0, 1), (1, 0), (0, 1), (1, 0), (0, 1), (0, 1), (0, 1), (0, 1), (0, 1), (1, 0), (1, 0), (1, 0), (1, 0), (1, 0), (0, 1), (0, 1), (1, 0), (1, 0), (0, 1), (1, 0), (0, 1), (1, 0), (1, 0), (1, 0), (0, 1), (0, 1), (0, 1), (0, 1), (0, 1), (0, 1), (1, 0), (1, 0), (0, 1), (1, 0), (0, 1), (0, 1), (0, 1), (1, 0), (1, 0), (1, 0), (1, 0), (0, 1), (1, 0), (1, 0), (1, 0), (1, 0), (0, 1), (0, 1), (0, 1), (0, 1), (0, 1), (1, 0), (0, 1), (0, 1), (1, 0), (1, 0), (0, 1), (0, 1), (0, 1), (1, 0), (1, 0), (1, 0), (1, 0), (0, 1), (0, 1), (0, 1), (1, 0), (1, 0), (0, 1), (1, 0), (0, 1), (0, 1), (0, 1), (0, 1), (0, 1), (0, 1), (0, 1), (0, 1), (1, 0), (1, 0), (0, 1), (0, 1), (0, 1), (1, 0), (0, 1), (1, 0), (0, 1), (0, 1), (1, 0), (0, 1), (1, 0), (0, 1), (0, 1), (1, 0), (1, 0), (0, 1), (0, 1), (0, 1), (0, 1), (0, 1), (1, 0), (0, 1), (0, 1), (0, 1), (1, 0), (0, 1), (0, 1), (1, 0), (1, 0), (0, 1), (0, 1), (1, 0), (0, 1), (0, 1), (0, 1), (1, 0), (1, 0), (1, 0), (0, 1), (0, 1), (1, 0), (0, 1), (1, 0), (0, 1), (1, 0), (1, 0), (0, 1), (1, 0), (0, 1), (0, 1), (1, 0), (0, 1), (1, 0), (1, 0), (0, 1), (0, 1), (1, 0), (0, 1), (1, 0), (0, 1), (0, 1), (1, 0), (0, 1), (1, 0), (0, 1), (1, 0), (1, 0), (1, 0), (0, 1), (0, 1), (1, 0), (0, 1), (1, 0), (0, 1), (0, 1), (0, 1), (1, 0), (0, 1), (0, 1), (0, 1), (0, 1), (1, 0), (1, 0), (1, 0), (0, 1), (0, 1), (0, 1), (0, 1), (0, 1), (0, 1), (0, 1), (0, 1), (0, 1), (1, 0), (0, 1), (0, 1), (0, 1), (0, 1), (0, 1), (1, 0), (1, 0), (1, 0), (0, 1), (1, 0), (1, 0), (0, 1), (0, 1), (1, 0), (0, 1), (0, 1), (1, 0), (0, 1), (0, 1), (1, 0), (1, 0), (0, 1), (0, 1), (0, 1), (0, 1), (1, 0), (0, 1), (0, 1), (1, 0), (0, 1), (0, 1), (0, 1), (0, 1), (0, 1), (0, 1), (0, 1), (1, 0), (1, 0), (1, 0), (0, 1), (0, 1), (1, 0), (0, 1), (0, 1), (1, 0), (0, 1), (0, 1), (1, 0), (0, 1), (1, 0), (1, 0), (0, 1), (1, 0), (0, 1), (1, 0), (0, 1), (1, 0), (0, 1), (1, 0), (1, 0), (0, 1), (0, 1), (0, 1), (0, 1), (1, 0), (1, 0), (0, 1), (1, 0), (0, 1), (1, 0), (0, 1), (0, 1), (0, 1), (0, 1), (1, 0), (1, 0), (0, 1), (1, 0), (0, 1), (1, 0), (0, 1), (0, 1), (0, 1), (0, 1), (0, 1), (1, 0), (0, 1), (0, 1), (0, 1), (0, 1), (1, 0), (0, 1), (0, 1), (1, 0), (1, 0), (1, 0), (0, 1), (0, 1), (1, 0), (0, 1), (0, 1), (1, 0), (0, 1), (0, 1), (0, 1), (1, 0), (0, 1), (0, 1), (1, 0), (0, 1), (0, 1), (0, 1), (0, 1), (0, 1), (0, 1), (0, 1), (0, 1), (0, 1), (1, 0), (0, 1), (0, 1), (0, 1), (0, 1), (0, 1), (0, 1), (0, 1), (1, 0), (0, 1), (0, 1), (0, 1), (1, 0), (0, 1), (0, 1), (0, 1), (1, 0), (1, 0), (0, 1), (0, 1), (0, 1), (0, 1), (0, 1), (0, 1), (0, 1), (1, 0), (0, 1), (0, 1), (0, 1), (0, 1), (1, 0), (0, 1), (0, 1), (0, 1), (1, 0), (0, 1), (0, 1), (0, 1), (1, 0), (0, 1), (0, 1), (0, 1), (1, 0), (0, 1), (0, 1), (0, 1), (0, 1), (1, 0), (1, 0), (0, 1), (0, 1), (0, 1), (0, 1), (0, 1), (0, 1), (1, 0), (0, 1), (0, 1), (0, 1), (0, 1), (0, 1), (0, 1), (0, 1), (0, 1), (0, 1), (0, 1), (0, 1), (1, 0), (0, 1), (0, 1), (0, 1), (1, 0), (1, 0), (1, 0), (1, 0), (0, 1), (0, 1), (1, 0), (1, 0), (0, 1), (0, 1), (0, 1), (0, 1), (0, 1), (0, 1), (0, 1), (0, 1), (0, 1), (0, 1), (0, 1), (0, 1), (0, 1), (1, 0), (1, 0), (0, 1), (0, 1), (0, 1), (0, 1), (0, 1), (0, 1), (0, 1), (1, 0), (0, 1), (0, 1), (0, 1), (0, 1), (0, 1), (0, 1), (0, 1), (1, 0), (0, 1), (1, 0), (1, 0), (0, 1), (0, 1), (0, 1), (1, 0), (0, 1), (1, 0), (0, 1), (1, 0), (0, 1), (1, 0), (0, 1), (1, 0), (0, 1), (0, 1), (1, 0), (0, 1), (0, 1), (1, 0), (0, 1), (0, 1), (0, 1), (0, 1), (1, 0), (1, 0), (0, 1), (1, 0), (0, 1), (0, 1), (0, 1), (0, 1), (1, 0), (1, 0), (0, 1), (1, 0), (0, 1), (0, 1), (0, 1), (1, 0), (1, 0), (0, 1), (0, 1), (0, 1), (0, 1), (0, 1), (0, 1), (0, 1), (0, 1), (0, 1), (0, 1), (1, 0), (0, 1), (0, 1), (0, 1), (0, 1), (1, 0), (0, 1), (0, 1), (1, 0), (0, 1), (0, 1), (0, 1), (1, 0), (0, 1), (0, 1), (0, 1), (1, 0), (1, 0), (1, 0), (0, 1), (0, 1), (0, 1), (0, 1), (0, 1), (0, 1), (1, 0), (0, 1), (0, 1), (0, 1), (1, 0), (0, 1), (1, 0), (1, 0), (1, 0), (1, 0), (0, 1), (1, 0), (1, 0), (0, 1), (0, 1), (0, 1), (0, 1), (0, 1), (0, 1), (0, 1), (1, 0), (1, 0), (0, 1), (1, 0), (0, 1), (0, 1), (1, 0), (0, 1), (1, 0), (0, 1), (0, 1), (0, 1), (0, 1), (0, 1), (1, 0), (0, 1), (1, 0), (0, 1), (1, 0), (0, 1), (1, 0), (1, 0), (0, 1), (0, 1), (0, 1), (0, 1), (1, 0), (1, 0), (0, 1), (0, 1), (0, 1), (1, 0), (0, 1), (1, 0), (1, 0), (0, 1), (0, 1), (1, 0), (0, 1), (0, 1), (1, 0), (1, 0), (0, 1), (0, 1), (1, 0), (0, 1), (0, 1), (1, 0), (0, 1), (0, 1), (0, 1), (0, 1), (0, 1), (0, 1), (0, 1), (1, 0), (1, 0), (1, 0), (0, 1), (0, 1), (0, 1), (0, 1), (0, 1), (0, 1), (1, 0), (1, 0), (0, 1), (0, 1), (1, 0), (0, 1), (0, 1), (1, 0), (0, 1), (1, 0), (1, 0), (1, 0), (0, 1), (0, 1), (1, 0), (1, 0), (1, 0), (0, 1), (1, 0), (0, 1), (1, 0), (0, 1), (1, 0), (0, 1), (0, 1), (0, 1), (0, 1), (1, 0), (0, 1)]
l2_error
 [[ 0.47548117 -0.51394796]
 [-0.14111184  0.27195856]
 [ 0.27229088 -0.15427472]
 ...
 [-0.34291889  0.43259757]
 [ 0.6583354  -0.55632984]
 [-0.16903301  0.24844634]] 




The hidden layer is: 7
Error 0.4991580337259054
Error 0.4321811318348599
Error 0.4155544422416708
Error 0.4128741918955254
Error 0.4120667156080818
Error 0.4116759809868533
Output after training:

l2: 
 [[0.5171217  0.50849705]
 [0.13454341 0.72442351]
 [0.73923794 0.15979594]
 ...
 [0.34497751 0.5685256 ]
 [0.33554015 0.55205504]
 [0.16688211 0.75076848]]
y :
 [(1, 0), (0, 1), (1, 0), (0, 1), (1, 0), (0, 1), (1, 0), (0, 1), (1, 0), (1, 0), (0, 1), (1, 0), (0, 1), (1, 0), (1, 0), (1, 0), (1, 0), (1, 0), (0, 1), (1, 0), (0, 1), (0, 1), (1, 0), (1, 0), (1, 0), (1, 0), (1, 0), (0, 1), (0, 1), (0, 1), (0, 1), (1, 0), (0, 1), (0, 1), (0, 1), (0, 1), (0, 1), (1, 0), (1, 0), (1, 0), (0, 1), (0, 1), (0, 1), (1, 0), (0, 1), (1, 0), (0, 1), (0, 1), (1, 0), (0, 1), (0, 1), (0, 1), (0, 1), (1, 0), (0, 1), (0, 1), (1, 0), (0, 1), (0, 1), (0, 1), (0, 1), (1, 0), (0, 1), (0, 1), (1, 0), (0, 1), (1, 0), (0, 1), (0, 1), (0, 1), (1, 0), (0, 1), (1, 0), (0, 1), (0, 1), (0, 1), (0, 1), (0, 1), (1, 0), (0, 1), (0, 1), (0, 1), (0, 1), (0, 1), (1, 0), (0, 1), (0, 1), (0, 1), (1, 0), (0, 1), (0, 1), (0, 1), (0, 1), (1, 0), (0, 1), (0, 1), (0, 1), (0, 1), (0, 1), (1, 0), (1, 0), (0, 1), (0, 1), (0, 1), (0, 1), (0, 1), (0, 1), (0, 1), (0, 1), (1, 0), (1, 0), (1, 0), (0, 1), (0, 1), (1, 0), (1, 0), (1, 0), (0, 1), (0, 1), (0, 1), (1, 0), (0, 1), (0, 1), (0, 1), (1, 0), (1, 0), (0, 1), (0, 1), (1, 0), (1, 0), (1, 0), (1, 0), (1, 0), (0, 1), (0, 1), (0, 1), (0, 1), (0, 1), (0, 1), (0, 1), (0, 1), (0, 1), (0, 1), (1, 0), (0, 1), (0, 1), (0, 1), (0, 1), (0, 1), (0, 1), (0, 1), (0, 1), (1, 0), (0, 1), (1, 0), (1, 0), (0, 1), (0, 1), (0, 1), (1, 0), (0, 1), (0, 1), (0, 1), (0, 1), (1, 0), (1, 0), (0, 1), (0, 1), (0, 1), (0, 1), (1, 0), (1, 0), (0, 1), (0, 1), (0, 1), (1, 0), (0, 1), (1, 0), (0, 1), (1, 0), (0, 1), (0, 1), (0, 1), (0, 1), (0, 1), (1, 0), (1, 0), (1, 0), (1, 0), (1, 0), (0, 1), (0, 1), (1, 0), (1, 0), (0, 1), (1, 0), (0, 1), (1, 0), (1, 0), (1, 0), (0, 1), (0, 1), (0, 1), (0, 1), (0, 1), (0, 1), (1, 0), (1, 0), (0, 1), (1, 0), (0, 1), (0, 1), (0, 1), (1, 0), (1, 0), (1, 0), (1, 0), (0, 1), (1, 0), (1, 0), (1, 0), (1, 0), (0, 1), (0, 1), (0, 1), (0, 1), (0, 1), (1, 0), (0, 1), (0, 1), (1, 0), (1, 0), (0, 1), (0, 1), (0, 1), (1, 0), (1, 0), (1, 0), (1, 0), (0, 1), (0, 1), (0, 1), (1, 0), (1, 0), (0, 1), (1, 0), (0, 1), (0, 1), (0, 1), (0, 1), (0, 1), (0, 1), (0, 1), (0, 1), (1, 0), (1, 0), (0, 1), (0, 1), (0, 1), (1, 0), (0, 1), (1, 0), (0, 1), (0, 1), (1, 0), (0, 1), (1, 0), (0, 1), (0, 1), (1, 0), (1, 0), (0, 1), (0, 1), (0, 1), (0, 1), (0, 1), (1, 0), (0, 1), (0, 1), (0, 1), (1, 0), (0, 1), (0, 1), (1, 0), (1, 0), (0, 1), (0, 1), (1, 0), (0, 1), (0, 1), (0, 1), (1, 0), (1, 0), (1, 0), (0, 1), (0, 1), (1, 0), (0, 1), (1, 0), (0, 1), (1, 0), (1, 0), (0, 1), (1, 0), (0, 1), (0, 1), (1, 0), (0, 1), (1, 0), (1, 0), (0, 1), (0, 1), (1, 0), (0, 1), (1, 0), (0, 1), (0, 1), (1, 0), (0, 1), (1, 0), (0, 1), (1, 0), (1, 0), (1, 0), (0, 1), (0, 1), (1, 0), (0, 1), (1, 0), (0, 1), (0, 1), (0, 1), (1, 0), (0, 1), (0, 1), (0, 1), (0, 1), (1, 0), (1, 0), (1, 0), (0, 1), (0, 1), (0, 1), (0, 1), (0, 1), (0, 1), (0, 1), (0, 1), (0, 1), (1, 0), (0, 1), (0, 1), (0, 1), (0, 1), (0, 1), (1, 0), (1, 0), (1, 0), (0, 1), (1, 0), (1, 0), (0, 1), (0, 1), (1, 0), (0, 1), (0, 1), (1, 0), (0, 1), (0, 1), (1, 0), (1, 0), (0, 1), (0, 1), (0, 1), (0, 1), (1, 0), (0, 1), (0, 1), (1, 0), (0, 1), (0, 1), (0, 1), (0, 1), (0, 1), (0, 1), (0, 1), (1, 0), (1, 0), (1, 0), (0, 1), (0, 1), (1, 0), (0, 1), (0, 1), (1, 0), (0, 1), (0, 1), (1, 0), (0, 1), (1, 0), (1, 0), (0, 1), (1, 0), (0, 1), (1, 0), (0, 1), (1, 0), (0, 1), (1, 0), (1, 0), (0, 1), (0, 1), (0, 1), (0, 1), (1, 0), (1, 0), (0, 1), (1, 0), (0, 1), (1, 0), (0, 1), (0, 1), (0, 1), (0, 1), (1, 0), (1, 0), (0, 1), (1, 0), (0, 1), (1, 0), (0, 1), (0, 1), (0, 1), (0, 1), (0, 1), (1, 0), (0, 1), (0, 1), (0, 1), (0, 1), (1, 0), (0, 1), (0, 1), (1, 0), (1, 0), (1, 0), (0, 1), (0, 1), (1, 0), (0, 1), (0, 1), (1, 0), (0, 1), (0, 1), (0, 1), (1, 0), (0, 1), (0, 1), (1, 0), (0, 1), (0, 1), (0, 1), (0, 1), (0, 1), (0, 1), (0, 1), (0, 1), (0, 1), (1, 0), (0, 1), (0, 1), (0, 1), (0, 1), (0, 1), (0, 1), (0, 1), (1, 0), (0, 1), (0, 1), (0, 1), (1, 0), (0, 1), (0, 1), (0, 1), (1, 0), (1, 0), (0, 1), (0, 1), (0, 1), (0, 1), (0, 1), (0, 1), (0, 1), (1, 0), (0, 1), (0, 1), (0, 1), (0, 1), (1, 0), (0, 1), (0, 1), (0, 1), (1, 0), (0, 1), (0, 1), (0, 1), (1, 0), (0, 1), (0, 1), (0, 1), (1, 0), (0, 1), (0, 1), (0, 1), (0, 1), (1, 0), (1, 0), (0, 1), (0, 1), (0, 1), (0, 1), (0, 1), (0, 1), (1, 0), (0, 1), (0, 1), (0, 1), (0, 1), (0, 1), (0, 1), (0, 1), (0, 1), (0, 1), (0, 1), (0, 1), (1, 0), (0, 1), (0, 1), (0, 1), (1, 0), (1, 0), (1, 0), (1, 0), (0, 1), (0, 1), (1, 0), (1, 0), (0, 1), (0, 1), (0, 1), (0, 1), (0, 1), (0, 1), (0, 1), (0, 1), (0, 1), (0, 1), (0, 1), (0, 1), (0, 1), (1, 0), (1, 0), (0, 1), (0, 1), (0, 1), (0, 1), (0, 1), (0, 1), (0, 1), (1, 0), (0, 1), (0, 1), (0, 1), (0, 1), (0, 1), (0, 1), (0, 1), (1, 0), (0, 1), (1, 0), (1, 0), (0, 1), (0, 1), (0, 1), (1, 0), (0, 1), (1, 0), (0, 1), (1, 0), (0, 1), (1, 0), (0, 1), (1, 0), (0, 1), (0, 1), (1, 0), (0, 1), (0, 1), (1, 0), (0, 1), (0, 1), (0, 1), (0, 1), (1, 0), (1, 0), (0, 1), (1, 0), (0, 1), (0, 1), (0, 1), (0, 1), (1, 0), (1, 0), (0, 1), (1, 0), (0, 1), (0, 1), (0, 1), (1, 0), (1, 0), (0, 1), (0, 1), (0, 1), (0, 1), (0, 1), (0, 1), (0, 1), (0, 1), (0, 1), (0, 1), (1, 0), (0, 1), (0, 1), (0, 1), (0, 1), (1, 0), (0, 1), (0, 1), (1, 0), (0, 1), (0, 1), (0, 1), (1, 0), (0, 1), (0, 1), (0, 1), (1, 0), (1, 0), (1, 0), (0, 1), (0, 1), (0, 1), (0, 1), (0, 1), (0, 1), (1, 0), (0, 1), (0, 1), (0, 1), (1, 0), (0, 1), (1, 0), (1, 0), (1, 0), (1, 0), (0, 1), (1, 0), (1, 0), (0, 1), (0, 1), (0, 1), (0, 1), (0, 1), (0, 1), (0, 1), (1, 0), (1, 0), (0, 1), (1, 0), (0, 1), (0, 1), (1, 0), (0, 1), (1, 0), (0, 1), (0, 1), (0, 1), (0, 1), (0, 1), (1, 0), (0, 1), (1, 0), (0, 1), (1, 0), (0, 1), (1, 0), (1, 0), (0, 1), (0, 1), (0, 1), (0, 1), (1, 0), (1, 0), (0, 1), (0, 1), (0, 1), (1, 0), (0, 1), (1, 0), (1, 0), (0, 1), (0, 1), (1, 0), (0, 1), (0, 1), (1, 0), (1, 0), (0, 1), (0, 1), (1, 0), (0, 1), (0, 1), (1, 0), (0, 1), (0, 1), (0, 1), (0, 1), (0, 1), (0, 1), (0, 1), (1, 0), (1, 0), (1, 0), (0, 1), (0, 1), (0, 1), (0, 1), (0, 1), (0, 1), (1, 0), (1, 0), (0, 1), (0, 1), (1, 0), (0, 1), (0, 1), (1, 0), (0, 1), (1, 0), (1, 0), (1, 0), (0, 1), (0, 1), (1, 0), (1, 0), (1, 0), (0, 1), (1, 0), (0, 1), (1, 0), (0, 1), (1, 0), (0, 1), (0, 1), (0, 1), (0, 1), (1, 0), (0, 1)]
l2_error
 [[ 0.4828783  -0.50849705]
 [-0.13454341  0.27557649]
 [ 0.26076206 -0.15979594]
 ...
 [-0.34497751  0.4314744 ]
 [ 0.66445985 -0.55205504]
 [-0.16688211  0.24923152]] 




The hidden layer is: 8
Error 0.4935008142920994
Error 0.4314642638818342
Error 0.4137680923633255
Error 0.41206805383852824
Error 0.41165285790907874
Error 0.411512796499706
Output after training:

l2: 
 [[0.51872801 0.50861512]
 [0.13507291 0.72490416]
 [0.74499019 0.1617337 ]
 ...
 [0.34728004 0.57044664]
 [0.33440897 0.550077  ]
 [0.16756454 0.75131004]]
y :
 [(1, 0), (0, 1), (1, 0), (0, 1), (1, 0), (0, 1), (1, 0), (0, 1), (1, 0), (1, 0), (0, 1), (1, 0), (0, 1), (1, 0), (1, 0), (1, 0), (1, 0), (1, 0), (0, 1), (1, 0), (0, 1), (0, 1), (1, 0), (1, 0), (1, 0), (1, 0), (1, 0), (0, 1), (0, 1), (0, 1), (0, 1), (1, 0), (0, 1), (0, 1), (0, 1), (0, 1), (0, 1), (1, 0), (1, 0), (1, 0), (0, 1), (0, 1), (0, 1), (1, 0), (0, 1), (1, 0), (0, 1), (0, 1), (1, 0), (0, 1), (0, 1), (0, 1), (0, 1), (1, 0), (0, 1), (0, 1), (1, 0), (0, 1), (0, 1), (0, 1), (0, 1), (1, 0), (0, 1), (0, 1), (1, 0), (0, 1), (1, 0), (0, 1), (0, 1), (0, 1), (1, 0), (0, 1), (1, 0), (0, 1), (0, 1), (0, 1), (0, 1), (0, 1), (1, 0), (0, 1), (0, 1), (0, 1), (0, 1), (0, 1), (1, 0), (0, 1), (0, 1), (0, 1), (1, 0), (0, 1), (0, 1), (0, 1), (0, 1), (1, 0), (0, 1), (0, 1), (0, 1), (0, 1), (0, 1), (1, 0), (1, 0), (0, 1), (0, 1), (0, 1), (0, 1), (0, 1), (0, 1), (0, 1), (0, 1), (1, 0), (1, 0), (1, 0), (0, 1), (0, 1), (1, 0), (1, 0), (1, 0), (0, 1), (0, 1), (0, 1), (1, 0), (0, 1), (0, 1), (0, 1), (1, 0), (1, 0), (0, 1), (0, 1), (1, 0), (1, 0), (1, 0), (1, 0), (1, 0), (0, 1), (0, 1), (0, 1), (0, 1), (0, 1), (0, 1), (0, 1), (0, 1), (0, 1), (0, 1), (1, 0), (0, 1), (0, 1), (0, 1), (0, 1), (0, 1), (0, 1), (0, 1), (0, 1), (1, 0), (0, 1), (1, 0), (1, 0), (0, 1), (0, 1), (0, 1), (1, 0), (0, 1), (0, 1), (0, 1), (0, 1), (1, 0), (1, 0), (0, 1), (0, 1), (0, 1), (0, 1), (1, 0), (1, 0), (0, 1), (0, 1), (0, 1), (1, 0), (0, 1), (1, 0), (0, 1), (1, 0), (0, 1), (0, 1), (0, 1), (0, 1), (0, 1), (1, 0), (1, 0), (1, 0), (1, 0), (1, 0), (0, 1), (0, 1), (1, 0), (1, 0), (0, 1), (1, 0), (0, 1), (1, 0), (1, 0), (1, 0), (0, 1), (0, 1), (0, 1), (0, 1), (0, 1), (0, 1), (1, 0), (1, 0), (0, 1), (1, 0), (0, 1), (0, 1), (0, 1), (1, 0), (1, 0), (1, 0), (1, 0), (0, 1), (1, 0), (1, 0), (1, 0), (1, 0), (0, 1), (0, 1), (0, 1), (0, 1), (0, 1), (1, 0), (0, 1), (0, 1), (1, 0), (1, 0), (0, 1), (0, 1), (0, 1), (1, 0), (1, 0), (1, 0), (1, 0), (0, 1), (0, 1), (0, 1), (1, 0), (1, 0), (0, 1), (1, 0), (0, 1), (0, 1), (0, 1), (0, 1), (0, 1), (0, 1), (0, 1), (0, 1), (1, 0), (1, 0), (0, 1), (0, 1), (0, 1), (1, 0), (0, 1), (1, 0), (0, 1), (0, 1), (1, 0), (0, 1), (1, 0), (0, 1), (0, 1), (1, 0), (1, 0), (0, 1), (0, 1), (0, 1), (0, 1), (0, 1), (1, 0), (0, 1), (0, 1), (0, 1), (1, 0), (0, 1), (0, 1), (1, 0), (1, 0), (0, 1), (0, 1), (1, 0), (0, 1), (0, 1), (0, 1), (1, 0), (1, 0), (1, 0), (0, 1), (0, 1), (1, 0), (0, 1), (1, 0), (0, 1), (1, 0), (1, 0), (0, 1), (1, 0), (0, 1), (0, 1), (1, 0), (0, 1), (1, 0), (1, 0), (0, 1), (0, 1), (1, 0), (0, 1), (1, 0), (0, 1), (0, 1), (1, 0), (0, 1), (1, 0), (0, 1), (1, 0), (1, 0), (1, 0), (0, 1), (0, 1), (1, 0), (0, 1), (1, 0), (0, 1), (0, 1), (0, 1), (1, 0), (0, 1), (0, 1), (0, 1), (0, 1), (1, 0), (1, 0), (1, 0), (0, 1), (0, 1), (0, 1), (0, 1), (0, 1), (0, 1), (0, 1), (0, 1), (0, 1), (1, 0), (0, 1), (0, 1), (0, 1), (0, 1), (0, 1), (1, 0), (1, 0), (1, 0), (0, 1), (1, 0), (1, 0), (0, 1), (0, 1), (1, 0), (0, 1), (0, 1), (1, 0), (0, 1), (0, 1), (1, 0), (1, 0), (0, 1), (0, 1), (0, 1), (0, 1), (1, 0), (0, 1), (0, 1), (1, 0), (0, 1), (0, 1), (0, 1), (0, 1), (0, 1), (0, 1), (0, 1), (1, 0), (1, 0), (1, 0), (0, 1), (0, 1), (1, 0), (0, 1), (0, 1), (1, 0), (0, 1), (0, 1), (1, 0), (0, 1), (1, 0), (1, 0), (0, 1), (1, 0), (0, 1), (1, 0), (0, 1), (1, 0), (0, 1), (1, 0), (1, 0), (0, 1), (0, 1), (0, 1), (0, 1), (1, 0), (1, 0), (0, 1), (1, 0), (0, 1), (1, 0), (0, 1), (0, 1), (0, 1), (0, 1), (1, 0), (1, 0), (0, 1), (1, 0), (0, 1), (1, 0), (0, 1), (0, 1), (0, 1), (0, 1), (0, 1), (1, 0), (0, 1), (0, 1), (0, 1), (0, 1), (1, 0), (0, 1), (0, 1), (1, 0), (1, 0), (1, 0), (0, 1), (0, 1), (1, 0), (0, 1), (0, 1), (1, 0), (0, 1), (0, 1), (0, 1), (1, 0), (0, 1), (0, 1), (1, 0), (0, 1), (0, 1), (0, 1), (0, 1), (0, 1), (0, 1), (0, 1), (0, 1), (0, 1), (1, 0), (0, 1), (0, 1), (0, 1), (0, 1), (0, 1), (0, 1), (0, 1), (1, 0), (0, 1), (0, 1), (0, 1), (1, 0), (0, 1), (0, 1), (0, 1), (1, 0), (1, 0), (0, 1), (0, 1), (0, 1), (0, 1), (0, 1), (0, 1), (0, 1), (1, 0), (0, 1), (0, 1), (0, 1), (0, 1), (1, 0), (0, 1), (0, 1), (0, 1), (1, 0), (0, 1), (0, 1), (0, 1), (1, 0), (0, 1), (0, 1), (0, 1), (1, 0), (0, 1), (0, 1), (0, 1), (0, 1), (1, 0), (1, 0), (0, 1), (0, 1), (0, 1), (0, 1), (0, 1), (0, 1), (1, 0), (0, 1), (0, 1), (0, 1), (0, 1), (0, 1), (0, 1), (0, 1), (0, 1), (0, 1), (0, 1), (0, 1), (1, 0), (0, 1), (0, 1), (0, 1), (1, 0), (1, 0), (1, 0), (1, 0), (0, 1), (0, 1), (1, 0), (1, 0), (0, 1), (0, 1), (0, 1), (0, 1), (0, 1), (0, 1), (0, 1), (0, 1), (0, 1), (0, 1), (0, 1), (0, 1), (0, 1), (1, 0), (1, 0), (0, 1), (0, 1), (0, 1), (0, 1), (0, 1), (0, 1), (0, 1), (1, 0), (0, 1), (0, 1), (0, 1), (0, 1), (0, 1), (0, 1), (0, 1), (1, 0), (0, 1), (1, 0), (1, 0), (0, 1), (0, 1), (0, 1), (1, 0), (0, 1), (1, 0), (0, 1), (1, 0), (0, 1), (1, 0), (0, 1), (1, 0), (0, 1), (0, 1), (1, 0), (0, 1), (0, 1), (1, 0), (0, 1), (0, 1), (0, 1), (0, 1), (1, 0), (1, 0), (0, 1), (1, 0), (0, 1), (0, 1), (0, 1), (0, 1), (1, 0), (1, 0), (0, 1), (1, 0), (0, 1), (0, 1), (0, 1), (1, 0), (1, 0), (0, 1), (0, 1), (0, 1), (0, 1), (0, 1), (0, 1), (0, 1), (0, 1), (0, 1), (0, 1), (1, 0), (0, 1), (0, 1), (0, 1), (0, 1), (1, 0), (0, 1), (0, 1), (1, 0), (0, 1), (0, 1), (0, 1), (1, 0), (0, 1), (0, 1), (0, 1), (1, 0), (1, 0), (1, 0), (0, 1), (0, 1), (0, 1), (0, 1), (0, 1), (0, 1), (1, 0), (0, 1), (0, 1), (0, 1), (1, 0), (0, 1), (1, 0), (1, 0), (1, 0), (1, 0), (0, 1), (1, 0), (1, 0), (0, 1), (0, 1), (0, 1), (0, 1), (0, 1), (0, 1), (0, 1), (1, 0), (1, 0), (0, 1), (1, 0), (0, 1), (0, 1), (1, 0), (0, 1), (1, 0), (0, 1), (0, 1), (0, 1), (0, 1), (0, 1), (1, 0), (0, 1), (1, 0), (0, 1), (1, 0), (0, 1), (1, 0), (1, 0), (0, 1), (0, 1), (0, 1), (0, 1), (1, 0), (1, 0), (0, 1), (0, 1), (0, 1), (1, 0), (0, 1), (1, 0), (1, 0), (0, 1), (0, 1), (1, 0), (0, 1), (0, 1), (1, 0), (1, 0), (0, 1), (0, 1), (1, 0), (0, 1), (0, 1), (1, 0), (0, 1), (0, 1), (0, 1), (0, 1), (0, 1), (0, 1), (0, 1), (1, 0), (1, 0), (1, 0), (0, 1), (0, 1), (0, 1), (0, 1), (0, 1), (0, 1), (1, 0), (1, 0), (0, 1), (0, 1), (1, 0), (0, 1), (0, 1), (1, 0), (0, 1), (1, 0), (1, 0), (1, 0), (0, 1), (0, 1), (1, 0), (1, 0), (1, 0), (0, 1), (1, 0), (0, 1), (1, 0), (0, 1), (1, 0), (0, 1), (0, 1), (0, 1), (0, 1), (1, 0), (0, 1)]
l2_error
 [[ 0.48127199 -0.50861512]
 [-0.13507291  0.27509584]
 [ 0.25500981 -0.1617337 ]
 ...
 [-0.34728004  0.42955336]
 [ 0.66559103 -0.550077  ]
 [-0.16756454  0.24868996]] 




The hidden layer is: 9
Error 0.4934761019748108
Error 0.4247174280727559
Error 0.4135699196947331
Error 0.4121667329102781
Error 0.41180535343585056
Error 0.4115598632472682
Output after training:

l2: 
 [[0.52477995 0.50524643]
 [0.13014662 0.72459128]
 [0.76304738 0.16025108]
 ...
 [0.35036252 0.57152599]
 [0.33112057 0.54185333]
 [0.1641616  0.75302833]]
y :
 [(1, 0), (0, 1), (1, 0), (0, 1), (1, 0), (0, 1), (1, 0), (0, 1), (1, 0), (1, 0), (0, 1), (1, 0), (0, 1), (1, 0), (1, 0), (1, 0), (1, 0), (1, 0), (0, 1), (1, 0), (0, 1), (0, 1), (1, 0), (1, 0), (1, 0), (1, 0), (1, 0), (0, 1), (0, 1), (0, 1), (0, 1), (1, 0), (0, 1), (0, 1), (0, 1), (0, 1), (0, 1), (1, 0), (1, 0), (1, 0), (0, 1), (0, 1), (0, 1), (1, 0), (0, 1), (1, 0), (0, 1), (0, 1), (1, 0), (0, 1), (0, 1), (0, 1), (0, 1), (1, 0), (0, 1), (0, 1), (1, 0), (0, 1), (0, 1), (0, 1), (0, 1), (1, 0), (0, 1), (0, 1), (1, 0), (0, 1), (1, 0), (0, 1), (0, 1), (0, 1), (1, 0), (0, 1), (1, 0), (0, 1), (0, 1), (0, 1), (0, 1), (0, 1), (1, 0), (0, 1), (0, 1), (0, 1), (0, 1), (0, 1), (1, 0), (0, 1), (0, 1), (0, 1), (1, 0), (0, 1), (0, 1), (0, 1), (0, 1), (1, 0), (0, 1), (0, 1), (0, 1), (0, 1), (0, 1), (1, 0), (1, 0), (0, 1), (0, 1), (0, 1), (0, 1), (0, 1), (0, 1), (0, 1), (0, 1), (1, 0), (1, 0), (1, 0), (0, 1), (0, 1), (1, 0), (1, 0), (1, 0), (0, 1), (0, 1), (0, 1), (1, 0), (0, 1), (0, 1), (0, 1), (1, 0), (1, 0), (0, 1), (0, 1), (1, 0), (1, 0), (1, 0), (1, 0), (1, 0), (0, 1), (0, 1), (0, 1), (0, 1), (0, 1), (0, 1), (0, 1), (0, 1), (0, 1), (0, 1), (1, 0), (0, 1), (0, 1), (0, 1), (0, 1), (0, 1), (0, 1), (0, 1), (0, 1), (1, 0), (0, 1), (1, 0), (1, 0), (0, 1), (0, 1), (0, 1), (1, 0), (0, 1), (0, 1), (0, 1), (0, 1), (1, 0), (1, 0), (0, 1), (0, 1), (0, 1), (0, 1), (1, 0), (1, 0), (0, 1), (0, 1), (0, 1), (1, 0), (0, 1), (1, 0), (0, 1), (1, 0), (0, 1), (0, 1), (0, 1), (0, 1), (0, 1), (1, 0), (1, 0), (1, 0), (1, 0), (1, 0), (0, 1), (0, 1), (1, 0), (1, 0), (0, 1), (1, 0), (0, 1), (1, 0), (1, 0), (1, 0), (0, 1), (0, 1), (0, 1), (0, 1), (0, 1), (0, 1), (1, 0), (1, 0), (0, 1), (1, 0), (0, 1), (0, 1), (0, 1), (1, 0), (1, 0), (1, 0), (1, 0), (0, 1), (1, 0), (1, 0), (1, 0), (1, 0), (0, 1), (0, 1), (0, 1), (0, 1), (0, 1), (1, 0), (0, 1), (0, 1), (1, 0), (1, 0), (0, 1), (0, 1), (0, 1), (1, 0), (1, 0), (1, 0), (1, 0), (0, 1), (0, 1), (0, 1), (1, 0), (1, 0), (0, 1), (1, 0), (0, 1), (0, 1), (0, 1), (0, 1), (0, 1), (0, 1), (0, 1), (0, 1), (1, 0), (1, 0), (0, 1), (0, 1), (0, 1), (1, 0), (0, 1), (1, 0), (0, 1), (0, 1), (1, 0), (0, 1), (1, 0), (0, 1), (0, 1), (1, 0), (1, 0), (0, 1), (0, 1), (0, 1), (0, 1), (0, 1), (1, 0), (0, 1), (0, 1), (0, 1), (1, 0), (0, 1), (0, 1), (1, 0), (1, 0), (0, 1), (0, 1), (1, 0), (0, 1), (0, 1), (0, 1), (1, 0), (1, 0), (1, 0), (0, 1), (0, 1), (1, 0), (0, 1), (1, 0), (0, 1), (1, 0), (1, 0), (0, 1), (1, 0), (0, 1), (0, 1), (1, 0), (0, 1), (1, 0), (1, 0), (0, 1), (0, 1), (1, 0), (0, 1), (1, 0), (0, 1), (0, 1), (1, 0), (0, 1), (1, 0), (0, 1), (1, 0), (1, 0), (1, 0), (0, 1), (0, 1), (1, 0), (0, 1), (1, 0), (0, 1), (0, 1), (0, 1), (1, 0), (0, 1), (0, 1), (0, 1), (0, 1), (1, 0), (1, 0), (1, 0), (0, 1), (0, 1), (0, 1), (0, 1), (0, 1), (0, 1), (0, 1), (0, 1), (0, 1), (1, 0), (0, 1), (0, 1), (0, 1), (0, 1), (0, 1), (1, 0), (1, 0), (1, 0), (0, 1), (1, 0), (1, 0), (0, 1), (0, 1), (1, 0), (0, 1), (0, 1), (1, 0), (0, 1), (0, 1), (1, 0), (1, 0), (0, 1), (0, 1), (0, 1), (0, 1), (1, 0), (0, 1), (0, 1), (1, 0), (0, 1), (0, 1), (0, 1), (0, 1), (0, 1), (0, 1), (0, 1), (1, 0), (1, 0), (1, 0), (0, 1), (0, 1), (1, 0), (0, 1), (0, 1), (1, 0), (0, 1), (0, 1), (1, 0), (0, 1), (1, 0), (1, 0), (0, 1), (1, 0), (0, 1), (1, 0), (0, 1), (1, 0), (0, 1), (1, 0), (1, 0), (0, 1), (0, 1), (0, 1), (0, 1), (1, 0), (1, 0), (0, 1), (1, 0), (0, 1), (1, 0), (0, 1), (0, 1), (0, 1), (0, 1), (1, 0), (1, 0), (0, 1), (1, 0), (0, 1), (1, 0), (0, 1), (0, 1), (0, 1), (0, 1), (0, 1), (1, 0), (0, 1), (0, 1), (0, 1), (0, 1), (1, 0), (0, 1), (0, 1), (1, 0), (1, 0), (1, 0), (0, 1), (0, 1), (1, 0), (0, 1), (0, 1), (1, 0), (0, 1), (0, 1), (0, 1), (1, 0), (0, 1), (0, 1), (1, 0), (0, 1), (0, 1), (0, 1), (0, 1), (0, 1), (0, 1), (0, 1), (0, 1), (0, 1), (1, 0), (0, 1), (0, 1), (0, 1), (0, 1), (0, 1), (0, 1), (0, 1), (1, 0), (0, 1), (0, 1), (0, 1), (1, 0), (0, 1), (0, 1), (0, 1), (1, 0), (1, 0), (0, 1), (0, 1), (0, 1), (0, 1), (0, 1), (0, 1), (0, 1), (1, 0), (0, 1), (0, 1), (0, 1), (0, 1), (1, 0), (0, 1), (0, 1), (0, 1), (1, 0), (0, 1), (0, 1), (0, 1), (1, 0), (0, 1), (0, 1), (0, 1), (1, 0), (0, 1), (0, 1), (0, 1), (0, 1), (1, 0), (1, 0), (0, 1), (0, 1), (0, 1), (0, 1), (0, 1), (0, 1), (1, 0), (0, 1), (0, 1), (0, 1), (0, 1), (0, 1), (0, 1), (0, 1), (0, 1), (0, 1), (0, 1), (0, 1), (1, 0), (0, 1), (0, 1), (0, 1), (1, 0), (1, 0), (1, 0), (1, 0), (0, 1), (0, 1), (1, 0), (1, 0), (0, 1), (0, 1), (0, 1), (0, 1), (0, 1), (0, 1), (0, 1), (0, 1), (0, 1), (0, 1), (0, 1), (0, 1), (0, 1), (1, 0), (1, 0), (0, 1), (0, 1), (0, 1), (0, 1), (0, 1), (0, 1), (0, 1), (1, 0), (0, 1), (0, 1), (0, 1), (0, 1), (0, 1), (0, 1), (0, 1), (1, 0), (0, 1), (1, 0), (1, 0), (0, 1), (0, 1), (0, 1), (1, 0), (0, 1), (1, 0), (0, 1), (1, 0), (0, 1), (1, 0), (0, 1), (1, 0), (0, 1), (0, 1), (1, 0), (0, 1), (0, 1), (1, 0), (0, 1), (0, 1), (0, 1), (0, 1), (1, 0), (1, 0), (0, 1), (1, 0), (0, 1), (0, 1), (0, 1), (0, 1), (1, 0), (1, 0), (0, 1), (1, 0), (0, 1), (0, 1), (0, 1), (1, 0), (1, 0), (0, 1), (0, 1), (0, 1), (0, 1), (0, 1), (0, 1), (0, 1), (0, 1), (0, 1), (0, 1), (1, 0), (0, 1), (0, 1), (0, 1), (0, 1), (1, 0), (0, 1), (0, 1), (1, 0), (0, 1), (0, 1), (0, 1), (1, 0), (0, 1), (0, 1), (0, 1), (1, 0), (1, 0), (1, 0), (0, 1), (0, 1), (0, 1), (0, 1), (0, 1), (0, 1), (1, 0), (0, 1), (0, 1), (0, 1), (1, 0), (0, 1), (1, 0), (1, 0), (1, 0), (1, 0), (0, 1), (1, 0), (1, 0), (0, 1), (0, 1), (0, 1), (0, 1), (0, 1), (0, 1), (0, 1), (1, 0), (1, 0), (0, 1), (1, 0), (0, 1), (0, 1), (1, 0), (0, 1), (1, 0), (0, 1), (0, 1), (0, 1), (0, 1), (0, 1), (1, 0), (0, 1), (1, 0), (0, 1), (1, 0), (0, 1), (1, 0), (1, 0), (0, 1), (0, 1), (0, 1), (0, 1), (1, 0), (1, 0), (0, 1), (0, 1), (0, 1), (1, 0), (0, 1), (1, 0), (1, 0), (0, 1), (0, 1), (1, 0), (0, 1), (0, 1), (1, 0), (1, 0), (0, 1), (0, 1), (1, 0), (0, 1), (0, 1), (1, 0), (0, 1), (0, 1), (0, 1), (0, 1), (0, 1), (0, 1), (0, 1), (1, 0), (1, 0), (1, 0), (0, 1), (0, 1), (0, 1), (0, 1), (0, 1), (0, 1), (1, 0), (1, 0), (0, 1), (0, 1), (1, 0), (0, 1), (0, 1), (1, 0), (0, 1), (1, 0), (1, 0), (1, 0), (0, 1), (0, 1), (1, 0), (1, 0), (1, 0), (0, 1), (1, 0), (0, 1), (1, 0), (0, 1), (1, 0), (0, 1), (0, 1), (0, 1), (0, 1), (1, 0), (0, 1)]
l2_error
 [[ 0.47522005 -0.50524643]
 [-0.13014662  0.27540872]
 [ 0.23695262 -0.16025108]
 ...
 [-0.35036252  0.42847401]
 [ 0.66887943 -0.54185333]
 [-0.1641616   0.24697167]] 




The hidden layer is: 10
Error 0.519140371287893
Error 0.42545424618053823
Error 0.4130882153224631
Error 0.41185232776314323
Error 0.4116347211375488
Error 0.4115165433744165
Output after training:

l2: 
 [[0.51964364 0.50949768]
 [0.13593884 0.7254886 ]
 [0.74362149 0.16161122]
 ...
 [0.34798095 0.5709412 ]
 [0.33505427 0.55059138]
 [0.168456   0.75190489]]
y :
 [(1, 0), (0, 1), (1, 0), (0, 1), (1, 0), (0, 1), (1, 0), (0, 1), (1, 0), (1, 0), (0, 1), (1, 0), (0, 1), (1, 0), (1, 0), (1, 0), (1, 0), (1, 0), (0, 1), (1, 0), (0, 1), (0, 1), (1, 0), (1, 0), (1, 0), (1, 0), (1, 0), (0, 1), (0, 1), (0, 1), (0, 1), (1, 0), (0, 1), (0, 1), (0, 1), (0, 1), (0, 1), (1, 0), (1, 0), (1, 0), (0, 1), (0, 1), (0, 1), (1, 0), (0, 1), (1, 0), (0, 1), (0, 1), (1, 0), (0, 1), (0, 1), (0, 1), (0, 1), (1, 0), (0, 1), (0, 1), (1, 0), (0, 1), (0, 1), (0, 1), (0, 1), (1, 0), (0, 1), (0, 1), (1, 0), (0, 1), (1, 0), (0, 1), (0, 1), (0, 1), (1, 0), (0, 1), (1, 0), (0, 1), (0, 1), (0, 1), (0, 1), (0, 1), (1, 0), (0, 1), (0, 1), (0, 1), (0, 1), (0, 1), (1, 0), (0, 1), (0, 1), (0, 1), (1, 0), (0, 1), (0, 1), (0, 1), (0, 1), (1, 0), (0, 1), (0, 1), (0, 1), (0, 1), (0, 1), (1, 0), (1, 0), (0, 1), (0, 1), (0, 1), (0, 1), (0, 1), (0, 1), (0, 1), (0, 1), (1, 0), (1, 0), (1, 0), (0, 1), (0, 1), (1, 0), (1, 0), (1, 0), (0, 1), (0, 1), (0, 1), (1, 0), (0, 1), (0, 1), (0, 1), (1, 0), (1, 0), (0, 1), (0, 1), (1, 0), (1, 0), (1, 0), (1, 0), (1, 0), (0, 1), (0, 1), (0, 1), (0, 1), (0, 1), (0, 1), (0, 1), (0, 1), (0, 1), (0, 1), (1, 0), (0, 1), (0, 1), (0, 1), (0, 1), (0, 1), (0, 1), (0, 1), (0, 1), (1, 0), (0, 1), (1, 0), (1, 0), (0, 1), (0, 1), (0, 1), (1, 0), (0, 1), (0, 1), (0, 1), (0, 1), (1, 0), (1, 0), (0, 1), (0, 1), (0, 1), (0, 1), (1, 0), (1, 0), (0, 1), (0, 1), (0, 1), (1, 0), (0, 1), (1, 0), (0, 1), (1, 0), (0, 1), (0, 1), (0, 1), (0, 1), (0, 1), (1, 0), (1, 0), (1, 0), (1, 0), (1, 0), (0, 1), (0, 1), (1, 0), (1, 0), (0, 1), (1, 0), (0, 1), (1, 0), (1, 0), (1, 0), (0, 1), (0, 1), (0, 1), (0, 1), (0, 1), (0, 1), (1, 0), (1, 0), (0, 1), (1, 0), (0, 1), (0, 1), (0, 1), (1, 0), (1, 0), (1, 0), (1, 0), (0, 1), (1, 0), (1, 0), (1, 0), (1, 0), (0, 1), (0, 1), (0, 1), (0, 1), (0, 1), (1, 0), (0, 1), (0, 1), (1, 0), (1, 0), (0, 1), (0, 1), (0, 1), (1, 0), (1, 0), (1, 0), (1, 0), (0, 1), (0, 1), (0, 1), (1, 0), (1, 0), (0, 1), (1, 0), (0, 1), (0, 1), (0, 1), (0, 1), (0, 1), (0, 1), (0, 1), (0, 1), (1, 0), (1, 0), (0, 1), (0, 1), (0, 1), (1, 0), (0, 1), (1, 0), (0, 1), (0, 1), (1, 0), (0, 1), (1, 0), (0, 1), (0, 1), (1, 0), (1, 0), (0, 1), (0, 1), (0, 1), (0, 1), (0, 1), (1, 0), (0, 1), (0, 1), (0, 1), (1, 0), (0, 1), (0, 1), (1, 0), (1, 0), (0, 1), (0, 1), (1, 0), (0, 1), (0, 1), (0, 1), (1, 0), (1, 0), (1, 0), (0, 1), (0, 1), (1, 0), (0, 1), (1, 0), (0, 1), (1, 0), (1, 0), (0, 1), (1, 0), (0, 1), (0, 1), (1, 0), (0, 1), (1, 0), (1, 0), (0, 1), (0, 1), (1, 0), (0, 1), (1, 0), (0, 1), (0, 1), (1, 0), (0, 1), (1, 0), (0, 1), (1, 0), (1, 0), (1, 0), (0, 1), (0, 1), (1, 0), (0, 1), (1, 0), (0, 1), (0, 1), (0, 1), (1, 0), (0, 1), (0, 1), (0, 1), (0, 1), (1, 0), (1, 0), (1, 0), (0, 1), (0, 1), (0, 1), (0, 1), (0, 1), (0, 1), (0, 1), (0, 1), (0, 1), (1, 0), (0, 1), (0, 1), (0, 1), (0, 1), (0, 1), (1, 0), (1, 0), (1, 0), (0, 1), (1, 0), (1, 0), (0, 1), (0, 1), (1, 0), (0, 1), (0, 1), (1, 0), (0, 1), (0, 1), (1, 0), (1, 0), (0, 1), (0, 1), (0, 1), (0, 1), (1, 0), (0, 1), (0, 1), (1, 0), (0, 1), (0, 1), (0, 1), (0, 1), (0, 1), (0, 1), (0, 1), (1, 0), (1, 0), (1, 0), (0, 1), (0, 1), (1, 0), (0, 1), (0, 1), (1, 0), (0, 1), (0, 1), (1, 0), (0, 1), (1, 0), (1, 0), (0, 1), (1, 0), (0, 1), (1, 0), (0, 1), (1, 0), (0, 1), (1, 0), (1, 0), (0, 1), (0, 1), (0, 1), (0, 1), (1, 0), (1, 0), (0, 1), (1, 0), (0, 1), (1, 0), (0, 1), (0, 1), (0, 1), (0, 1), (1, 0), (1, 0), (0, 1), (1, 0), (0, 1), (1, 0), (0, 1), (0, 1), (0, 1), (0, 1), (0, 1), (1, 0), (0, 1), (0, 1), (0, 1), (0, 1), (1, 0), (0, 1), (0, 1), (1, 0), (1, 0), (1, 0), (0, 1), (0, 1), (1, 0), (0, 1), (0, 1), (1, 0), (0, 1), (0, 1), (0, 1), (1, 0), (0, 1), (0, 1), (1, 0), (0, 1), (0, 1), (0, 1), (0, 1), (0, 1), (0, 1), (0, 1), (0, 1), (0, 1), (1, 0), (0, 1), (0, 1), (0, 1), (0, 1), (0, 1), (0, 1), (0, 1), (1, 0), (0, 1), (0, 1), (0, 1), (1, 0), (0, 1), (0, 1), (0, 1), (1, 0), (1, 0), (0, 1), (0, 1), (0, 1), (0, 1), (0, 1), (0, 1), (0, 1), (1, 0), (0, 1), (0, 1), (0, 1), (0, 1), (1, 0), (0, 1), (0, 1), (0, 1), (1, 0), (0, 1), (0, 1), (0, 1), (1, 0), (0, 1), (0, 1), (0, 1), (1, 0), (0, 1), (0, 1), (0, 1), (0, 1), (1, 0), (1, 0), (0, 1), (0, 1), (0, 1), (0, 1), (0, 1), (0, 1), (1, 0), (0, 1), (0, 1), (0, 1), (0, 1), (0, 1), (0, 1), (0, 1), (0, 1), (0, 1), (0, 1), (0, 1), (1, 0), (0, 1), (0, 1), (0, 1), (1, 0), (1, 0), (1, 0), (1, 0), (0, 1), (0, 1), (1, 0), (1, 0), (0, 1), (0, 1), (0, 1), (0, 1), (0, 1), (0, 1), (0, 1), (0, 1), (0, 1), (0, 1), (0, 1), (0, 1), (0, 1), (1, 0), (1, 0), (0, 1), (0, 1), (0, 1), (0, 1), (0, 1), (0, 1), (0, 1), (1, 0), (0, 1), (0, 1), (0, 1), (0, 1), (0, 1), (0, 1), (0, 1), (1, 0), (0, 1), (1, 0), (1, 0), (0, 1), (0, 1), (0, 1), (1, 0), (0, 1), (1, 0), (0, 1), (1, 0), (0, 1), (1, 0), (0, 1), (1, 0), (0, 1), (0, 1), (1, 0), (0, 1), (0, 1), (1, 0), (0, 1), (0, 1), (0, 1), (0, 1), (1, 0), (1, 0), (0, 1), (1, 0), (0, 1), (0, 1), (0, 1), (0, 1), (1, 0), (1, 0), (0, 1), (1, 0), (0, 1), (0, 1), (0, 1), (1, 0), (1, 0), (0, 1), (0, 1), (0, 1), (0, 1), (0, 1), (0, 1), (0, 1), (0, 1), (0, 1), (0, 1), (1, 0), (0, 1), (0, 1), (0, 1), (0, 1), (1, 0), (0, 1), (0, 1), (1, 0), (0, 1), (0, 1), (0, 1), (1, 0), (0, 1), (0, 1), (0, 1), (1, 0), (1, 0), (1, 0), (0, 1), (0, 1), (0, 1), (0, 1), (0, 1), (0, 1), (1, 0), (0, 1), (0, 1), (0, 1), (1, 0), (0, 1), (1, 0), (1, 0), (1, 0), (1, 0), (0, 1), (1, 0), (1, 0), (0, 1), (0, 1), (0, 1), (0, 1), (0, 1), (0, 1), (0, 1), (1, 0), (1, 0), (0, 1), (1, 0), (0, 1), (0, 1), (1, 0), (0, 1), (1, 0), (0, 1), (0, 1), (0, 1), (0, 1), (0, 1), (1, 0), (0, 1), (1, 0), (0, 1), (1, 0), (0, 1), (1, 0), (1, 0), (0, 1), (0, 1), (0, 1), (0, 1), (1, 0), (1, 0), (0, 1), (0, 1), (0, 1), (1, 0), (0, 1), (1, 0), (1, 0), (0, 1), (0, 1), (1, 0), (0, 1), (0, 1), (1, 0), (1, 0), (0, 1), (0, 1), (1, 0), (0, 1), (0, 1), (1, 0), (0, 1), (0, 1), (0, 1), (0, 1), (0, 1), (0, 1), (0, 1), (1, 0), (1, 0), (1, 0), (0, 1), (0, 1), (0, 1), (0, 1), (0, 1), (0, 1), (1, 0), (1, 0), (0, 1), (0, 1), (1, 0), (0, 1), (0, 1), (1, 0), (0, 1), (1, 0), (1, 0), (1, 0), (0, 1), (0, 1), (1, 0), (1, 0), (1, 0), (0, 1), (1, 0), (0, 1), (1, 0), (0, 1), (1, 0), (0, 1), (0, 1), (0, 1), (0, 1), (1, 0), (0, 1)]
l2_error
 [[ 0.48035636 -0.50949768]
 [-0.13593884  0.2745114 ]
 [ 0.25637851 -0.16161122]
 ...
 [-0.34798095  0.4290588 ]
 [ 0.66494573 -0.55059138]
 [-0.168456    0.24809511]] 




